-13.201 -6.296 -53.957
-10.703 -3.406 -53.291
-9.54 -3.087 -49.639
-11.02 0.322 -48.639
-8.614 1.85 -46.053
-10.787 3.126 -43.162

-9.634 6.195 -41.181
-10.061 4.9 -37.589
-10.286 6.838 -34.306
-12.195 7.103 -30.979
-14.163 9.439 -28.711
-12.619 10.223 -25.263
-14.157 12.207 -22.344

-11.943 15.248 -21.466
-14.301 16.978 -18.949
-17.827 16.65 -17.399
-19.139 18.761 -20.353

-16.752 17.96 -23.312
-15.482 14.956 -25.281
-12.62 14.751 -27.824
-12.437 12.939 -31.204
-8.982 11.264 -31.393
-8.672 10.357 -35.1

-6.282 10.744 -38.079
-6.98 13.557 -40.6
-9.895 13.022 -43.051

-11.208 15.853 -45.293
-14.92 14.856 -45.011
-14.611 14.37 -41.226
-13.015 17.857 -40.827
-15.875 19.254 -42.999
-18.403 17.482 -40.669
-16.559 18.759 -37.515
-16.844 22.341 -38.957

-20.697 21.797 -39.029
-20.861 21.033 -35.24
-22.116 23.933 -33.104
-20.016 23.255 -29.939
-16.791 22.621 -31.971

-13.393 23.436 -30.391
-10.011 22.816 -32.063
-6.805 22.812 -29.99

-3.883 23.919 -32.209
-1.328 22.314 -29.773
-2.753 18.736 -29.691
-4.334 19.137 -33.217

-7.578 17.622 -31.79
-11.313 18.386 -31.995
-13.683 18.544 -28.991
-17.466 19.001 -28.65
-20.131 19.402 -25.91

-21.257 16.038 -24.476
-24.923 16.743 -25.497
-23.731 16.722 -29.178
-22.178 13.179 -28.839
-25.228 11.354 -30.322
-25.57 14.044 -33.093
-21.852 13.682 -34.021
-21.815 9.829 -34.037
-25.045 9.774 -36.128
-23.507 12.176 -38.75
-20.093 10.348 -38.803

-21.793 6.948 -39.527
-22.962 8.546 -42.834
-19.328 9.196 -43.991
-17.677 6.563 -46.261
-14.251 5.2 -45.121

-14.46 6.789 -41.562
-14.765 4.819 -38.279
-15.142 6.964 -35.114
-15.663 4.659 -32.101

-18.218 6.249 -29.657
-17.862 6.903 -25.912
-18.35 3.469 -24.195

-21.794 2.549 -22.772
-20.235 2.829 -19.255
-19.534 6.58 -19.812
-22.964 7.196 -21.431
-24.623 5.531 -18.378
-22.42 7.523 -15.909

-24.2823 10.7775 -16.7285
-25.2165 14.2755 -15.8788
-25.443 18.0241 -15.93

-24.1766 19.567 -12.696
-22.8227 16.218 -11.5152
-21.0072 15.6806 -14.8103

-20.3902 19.3356 -13.6983
-19.8982 22.1896 -16.2383
-18.8702 24.3366 -13.1973
-15.7502 24.7396 -11.0093
-17.4062 24.1636 -7.6233
-14.5712 23.1206 -5.2813
-15.1072 19.8886 -3.2353
-18.5952 19.9256 -1.5953
-18.1742 20.7416 2.1107
-17.9542 17.5656 4.1927
-21.1902 17.5326 6.2787
-20.6522 17.4796 10.0547
-21.6812 14.0846 11.4417
-24.1032 13.7836 14.3667
-21.7652 12.3846 17.0737
-24.4532 12.5526 19.8857
-24.5352 8.69258 20.0217
-20.6962 8.68258 20.5527
-19.1962 8.83958 24.0677

-18.8962 12.6076 25.0117
-15.3672 12.0426 26.4697
-14.1722 11.0026 22.9657
-16.1072 13.7186 21.0287
-14.7782 16.5416 23.3187

-11.1142 15.3536 22.9597
-11.0632 15.3556 19.0937
-8.8212 18.1206 17.6847

-10.4822 20.2256 14.8617
-8.6072 18.3166 12.0947
-9.4402 14.9356 13.7647
-13.1722 15.9406 13.7757
-12.9382 16.8516 10.0457
-11.3192 13.3886 9.4447
-14.1642 11.6086 11.3427
-16.7392 13.6176 9.2897
-14.9312 12.6986 5.9947
-14.8062 8.99258 6.9837
-18.5722 9.02458 7.8267
-19.4002 10.8766 4.5337

-17.3492 8.17858 2.6267
-19.5902 5.58158 4.4287
-16.8882 4.23358 6.8287

-14.7282 2.88658 3.9247
-11.3322 4.65158 3.8617
-7.5852 4.54558 4.3777
-6.6712 7.07458 7.1197

-3.0702 7.72858 5.9707
-2.5112 10.7226 8.3237
1.1198 11.1386 9.4757
2.5758 9.24858 12.4967
1.2628 10.4896 15.8827
-1.6092 12.7026 14.4727
-4.0822 10.5146 16.5067

-5.2202 7.88758 13.9297
-6.3882 5.61458 16.8327
-8.7392 8.24758 18.4147
-10.2522 9.03958 14.9527
-10.6582 5.27158 14.1887
-12.3962 4.57558 17.5597
-14.7912 7.52958 16.8967
-15.6232 6.38858 13.2937
-16.2222 2.81058 14.5617
-18.3312 4.05358 17.5597
-20.6032 6.06458 15.1767
-21.2762 2.59158 13.6057
-21.7602 0.826581 17.0797
-25.2622 -0.323419 15.8687

-23.4262 -2.42242 13.1607
-21.0022 -4.33442 15.5087
-19.3572 -6.87942 16.2687

-16.1502 -4.91442 15.5867
-12.9272 -6.60342 14.3677
-9.6112 -4.79442 15.0957
-6.5082 -6.20542 13.3217
-3.2052 -4.82342 14.7017

0.573805 -5.48242 15.0847
1.2078 -8.28642 17.6657
2.7678 -5.77142 20.1917
-0.0651953 -3.10642 20.2977

-3.1342 -5.33442 21.1017
-3.2712 -4.21942 24.7737
-2.5302 -0.568419 23.7287
-5.7412 -0.770419 21.6047
-7.7902 -2.36342 24.4737
-6.6442 0.453581 26.8277
-7.4852 3.00958 24.0677
-11.0982 1.64458 23.8587
-11.4582 1.67358 27.7097
-9.9722 5.23358 27.8217
-12.1992 6.72858 25.0767

-15.4972 4.72458 25.3387
-16.2272 4.48358 29.1547
-19.7642 3.32458 28.0467
-18.1402 -0.167419 27.5047
-17.4062 -2.75142 30.2157

-14.0082 -4.57042 29.9557
-16.0142 -7.78642 29.1787
-17.1562 -6.13342 25.8897

-13.4672 -6.28242 24.6747
-11.8812 -9.59042 23.5867
-8.0572 -9.50742 23.1797

-7.0782 -12.5824 21.1337
-3.6922 -13.7694 22.4707
-3.5772 -17.3034 20.9117
-4.7812 -19.2654 17.8337
-7.1452 -21.2864 20.1687
-9.1642 -18.2744 21.4157
-12.7282 -17.3834 20.2577
-12.4512 -14.4394 17.7997
-16.1922 -13.5684 18.3717
-16.2952 -13.6324 22.2257
-16.4842 -9.79842 22.6347
-18.4562 -6.93242 21.0937

-14.9642 -5.60642 20.1367
-12.4412 -8.29942 19.0637
-8.7122 -7.36442 18.9017
-6.3852 -9.76842 16.9857
-2.9052 -9.76142 15.3897

-2.0342 -10.2064 11.6757
-0.133195 -13.4754 12.4737
-3.2092 -15.0124 14.2117
-5.6762 -14.2354 11.3207

-4.3022 -17.1814 9.2387
-4.6632 -19.5394 12.2817
-8.2192 -18.2064 12.9437
-9.3902 -18.2814 9.2377
-12.1072 -20.8814 10.1427
-13.6192 -18.3024 12.6107
-13.3312 -15.3604 10.0877
-16.4472 -16.8994 8.3767
-18.5642 -14.9174 10.9237
-19.4702 -11.6034 9.1507
-17.7432 -8.70142 10.9407
-19.6122 -5.68142 9.4587

-17.0802 -3.14342 10.8907
-13.3122 -3.76442 10.5277
-10.3832 -1.61142 11.7007

-6.8932 -2.57642 10.4587
-4.0382 -0.703419 12.1577
-0.717195 -0.331419 10.2497

-2.4422 -1.81842 7.1297
0.858805 -1.67342 5.1307
1.3718 -5.20842 6.6427
-1.1502 -6.33242 3.9227

1.0658 -4.90242 1.0447
1.7628 -8.37542 -0.5123
-1.2892 -10.4494 -1.6373
0.629805 -13.8144 -1.5393
1.2378 -13.5824 2.2597

-0.927195 -15.7354 4.5907
-1.9442 -12.5884 6.6117
-3.2082 -10.8754 3.4057
-4.9622 -14.0594 2.0927
-6.8372 -14.3714 5.4507
-7.6892 -10.6034 5.7667
-8.8412 -9.81942 2.1737
-12.0762 -11.9894 2.0957
-13.3372 -10.2524 5.2997
-12.3802 -6.73842 4.0347
-14.2692 -7.29242 0.7127

-17.5242 -8.39342 2.5227
-17.4482 -6.11042 5.6337
-19.7482 -3.00842 5.3947

-17.2022 -0.582419 6.9947
-13.3952 -0.813419 6.4697
-11.1452 1.61058 8.3887
-7.5212 1.07658 7.2757
-4.8032 3.01258 9.1867

-1.1152 3.59858 8.2797
1.6258 6.24558 8.6717
3.3338 4.83458 5.5617
0.621805 3.31158 3.2667
3.3608 2.51258 0.7537
6.7798 1.57758 2.2217
8.8028 1.80658 -1.0573
6.6638 1.34858 -4.2653

3.1378 1.94558 -5.7853
2.4788 -1.86242 -6.0023
2.2218 -1.98442 -2.1243
-0.995195 0.163581 -2.2803
-3.0042 -2.31242 -4.4293
-4.2802 -4.49242 -1.5153
-5.3572 -1.35842 0.4557
-7.1142 0.127581 -2.6593
-9.1352 -3.10442 -3.2773
-9.9212 -3.39242 0.4847
-11.4802 0.150581 0.5027

-12.9832 -0.120419 -3.0733
-13.3682 -3.83642 -4.1583
-14.5482 -2.71742 -7.6813
-11.3112 -0.756419 -8.4093
-8.7132 -2.70242 -10.4933
-10.2762 -6.25142 -10.1303
-6.9522 -7.68342 -11.4723

-3.4772 -6.48542 -10.3303
-2.0952 -6.48842 -13.9333
-4.2422 -3.43342 -14.9313
-2.9412 -1.49742 -11.8603
0.658805 -2.66542 -12.5693
0.595805 -1.62842 -16.2853
-0.614195 1.89958 -15.3313
1.2208 2.71358 -12.0433

4.1138 0.182581 -11.6653
5.7728 0.665581 -15.1433
5.1248 -3.04342 -15.7593

7.7018 -4.69042 -18.0903
7.4528 -8.03842 -19.9323

10.7328 -9.88142 -19.1753
11.7288 -13.3634 -20.6033
10.6788 -14.9304 -17.2163

7.3228 -13.0374 -16.8093
6.1588 -9.55442 -15.7153
8.2488 -7.12942 -13.6333

6.2378 -4.65842 -11.4393
9.1688 -3.04242 -9.4803
8.8378 0.284581 -11.3733
6.6188 3.37158 -11.0273
4.4908 5.43158 -13.4663
1.7358 8.12658 -13.5443

2.1958 8.84358 -9.7693
0.364805 12.2416 -9.8683
-2.7352 10.4656 -11.3253
-2.4102 7.75158 -8.6213
-2.2292 10.5196 -5.9283
-5.4372 12.1576 -7.2973
-7.2702 8.76258 -7.4063
-6.1582 7.93958 -3.8193
-7.2172 11.3376 -2.3323
-10.6192 11.3876 -4.1453
-11.7962 7.77858 -3.6103
-9.5652 5.77658 -1.1443

-7.4322 7.83458 1.2397
-7.4902 10.7286 3.7107
-3.8872 11.9706 4.2437
-2.5802 14.9716 6.2327
0.994805 15.8066 7.2067

2.5208 17.2906 10.4347
3.1318 20.4946 8.4127
-0.623195 20.7436 7.5127
-2.0632 20.3736 11.0727

0.747805 20.8686 13.6947
2.7088 24.1036 12.8637
4.1228 23.8666 16.4637
6.1278 20.5986 16.0477
9.9268 21.2926 16.0327
11.6798 20.5586 12.7087

13.3358 17.1886 11.9657
16.9518 18.0366 10.9877
18.4888 15.1466 8.9857
22.1678 14.6486 8.0387
24.5298 12.0396 6.6367
27.5708 11.3446 8.8777

30.3898 9.79058 6.8227
32.1698 7.58958 9.4137
35.8848 7.40858 8.6037

36.8688 4.17758 6.6807
40.4838 4.64858 8.0087

39.4458 2.45658 11.0307
38.4048 -0.332419 8.5457
41.5428 -2.51342 8.6117

43.0488 -3.78642 5.3137
41.7368 -7.40442 5.8547
38.1148 -6.20642 6.4057
38.3918 -3.87642 3.3447
39.8208 -6.72142 1.1927
36.8828 -8.93842 2.3777
34.3368 -6.20342 1.3797
36.1338 -5.80542 -2.0103
36.0468 -9.63142 -2.4413
32.2738 -9.94042 -1.6933
31.5858 -6.88842 -3.9613
33.5408 -8.56442 -6.8483
31.7668 -11.8774 -6.0573
28.2698 -10.3254 -6.6413
29.3608 -8.99442 -10.1123

30.8408 -12.3244 -11.3643
29.0108 -13.4224 -14.5693
29.1518 -17.2024 -14.0343
27.2808 -17.3634 -10.6493
23.7078 -18.5914 -10.1423

20.9118 -16.2044 -8.9883
21.2308 -17.8664 -5.5253
25.0528 -17.4074 -5.2363
24.5018 -13.7054 -6.2073
21.9128 -13.3524 -3.3323
24.2808 -15.1724 -0.8953
27.2298 -12.8804 -1.8523
24.8788 -9.84242 -1.3963
23.8638 -11.0444 2.1277
27.5788 -11.6254 2.9347
28.5488 -8.10442 1.6627
25.7218 -6.56542 3.7777
26.6768 -8.51442 6.9757
30.4098 -7.59742 6.4087
29.3598 -3.90742 6.0487
27.7088 -4.09642 9.5087
30.8688 -5.67742 11.0777
33.1688 -3.11642 9.3497
31.1698 -0.142419 10.7957
31.1168 -1.33842 14.4937
34.4038 0.414581 15.6307
33.4668 3.84758 14.1587
29.7818 3.49258 15.1987
31.1228 2.94458 18.7697
33.5948 5.88758 18.3827
30.6678 8.13858 17.2997
28.3558 6.98658 20.1897
31.1608 7.75458 22.7007
31.8148 11.2046 21.0757
28.0658 12.0016 21.5517
28.1928 10.9906 25.2767
31.5178 12.8556 25.8667

29.8598 15.9346 24.1837
27.3798 15.9196 27.1577
24.2108 14.6226 25.3667
21.5168 13.6696 27.8947
19.2638 11.3206 25.7707

19.4828 9.72558 22.2897
18.3148 6.64958 20.3187
20.6848 4.28758 18.4437
19.0988 2.22058 15.6397

20.7198 -0.934419 14.1687
19.3378 -4.23542 12.6917
22.2158 -6.77942 12.7467

22.3468 -8.46342 16.1997
26.2098 -8.26142 16.2577
25.9798 -4.40442 16.0157
23.3768 -4.21942 18.8597
25.5378 -6.65442 20.9457
28.8028 -4.67242 20.3917
27.1258 -1.29342 21.2377
25.5728 -2.72242 24.4767
28.9088 -4.35542 25.5067
30.8508 -1.05242 25.0867
28.1648 0.960581 26.9947
28.3828 -1.63042 29.8597
32.2448 -1.40642 29.7447

31.9568 2.44858 30.0007
29.2888 2.01658 32.8017
26.7108 3.97658 30.6997
23.1068 3.28958 31.7687

21.1038 2.29858 28.6577
18.0188 0.330581 27.4917
17.9408 -2.38642 24.7757
14.9388 -3.48742 22.6317

15.2048 -6.20942 19.9337
13.3718 -9.30542 18.5197
13.9498 -11.2224 21.8287
12.5158 -8.47342 24.1447
9.0028 -9.47842 25.3337
5.8398 -7.38242 24.6777
5.4668 -6.27442 28.3657

9.2248 -5.63242 28.9527
9.2158 -3.40742 25.7857
6.6548 -1.07542 27.4497
8.5038 -1.13042 30.8337
11.9398 -0.342419 29.2257
10.1988 2.42658 27.2027
8.8648 3.91458 30.5027
12.3418 3.53158 32.1557
13.9898 5.54758 29.2877
11.1418 8.14758 29.3377
11.0678 8.71158 33.1487

14.7008 8.04858 34.2827
17.2848 10.8306 33.5967
20.0878 8.20258 34.0467
19.2768 6.19858 30.8687
21.2458 8.17958 28.2477

21.1038 5.65558 25.3347
18.3438 3.48458 23.8557
19.8058 0.622581 21.7257
16.9498 -0.287419 19.3527
16.3758 -2.81542 16.5647

15.0638 -0.919419 13.4637
12.6348 -3.82942 12.7547
11.5718 -4.67842 16.3517
11.0848 -1.08442 17.7187
9.3628 0.444581 14.5857
5.9018 -0.0294195 16.2737
3.9038 0.926581 19.4247
6.6708 2.69258 21.4197
7.1198 6.46458 22.1047
10.5728 8.00758 22.8137
9.7358 11.7426 23.2597
12.4458 12.0746 26.0127
15.2298 12.0096 23.3397
16.1138 14.8146 20.8427

18.5608 12.7376 18.7007
18.2518 9.57358 16.5587
21.4188 7.80658 15.2737
21.0418 5.17358 12.5297

24.2018 3.05058 12.9737
22.9928 1.03058 9.9427
20.9818 1.83358 6.7947
17.7888 -0.131419 5.9987
16.7028 -0.685419 2.3317
13.0568 0.286581 3.0767

12.5168 4.06358 3.7247
9.0438 3.51558 5.2877
10.7448 1.64858 8.2077
13.3638 4.44458 8.6227
10.5268 7.07258 8.7767
8.6468 4.83258 11.3117
11.8248 4.82558 13.4917
12.2988 8.67658 13.2597

8.6008 9.15158 14.2777
9.2748 7.30458 17.5617
10.8958 10.5846 18.8267
8.9638 13.1066 16.6817
5.5798 12.6136 18.5057
3.0398 14.7876 20.3887
4.9638 15.7296 23.5857
8.2718 16.5016 21.7637
9.5008 20.1016 22.4777
13.0228 20.0326 20.8647
14.1258 19.9956 17.1787

14.7478 16.3146 16.3557
18.2378 15.4936 15.0237
18.4998 12.4426 12.6887
22.0608 11.1906 11.9477
22.5648 8.50658 9.2357
25.9848 6.81158 9.7437
27.5178 5.79558 6.3407

30.9068 4.29558 5.3187
32.6078 4.81458 1.8897
33.7138 1.44958 0.3657
30.6908 -0.525419 1.7837
27.0188 -1.52542 1.1577

26.0068 2.05858 2.2367
27.3258 3.40258 -1.1473
24.5458 1.39458 -2.9573
21.8468 1.47158 -0.2233
21.8108 5.28558 0.1967
20.9998 6.12758 -3.5173
18.4148 3.24058 -3.4673
16.7058 4.67758 -0.3233
16.7188 8.19058 -1.9403
15.0258 7.10758 -5.2223
12.4248 5.18258 -3.1073
11.5828 8.31758 -0.9883
11.2228 10.3096 -4.2603
8.7498 7.66458 -5.6253
6.8278 7.93058 -2.2933
6.8428 11.7946 -2.4573
5.6158 11.8786 -6.1273

2.7428 9.55658 -5.0103
1.9428 12.0986 -2.1653
3.0188 9.49758 0.4787
6.0388 11.4046 1.9547
7.2138 15.0196 2.5267
10.6718 13.5806 3.2617
13.1458 14.7166 0.6167
16.5858 13.0446 1.0897
18.4708 14.8506 -1.7993

19.4768 17.9396 0.2827
21.5248 15.7506 2.7257
23.8718 14.4336 -0.0533
24.7228 17.8306 -1.6123

25.9878 18.7896 1.9177
28.4728 15.8166 2.3407

End chain 1
