-13.201 -6.296 -53.957
-10.703 -3.406 -53.291
-9.54 -3.087 -49.639
-11.02 0.322 -48.639
-8.614 1.85 -46.053
-10.787 3.126 -43.162

-9.634 6.195 -41.181
-10.061 4.9 -37.589
-10.286 6.838 -34.306
-12.195 7.103 -30.979
-14.163 9.439 -28.711
-12.619 10.223 -25.263
-14.157 12.207 -22.344

-11.943 15.248 -21.466
-14.301 16.978 -18.949
-17.827 16.65 -17.399
-19.139 18.761 -20.353

-16.752 17.96 -23.312
-15.482 14.956 -25.281
-12.62 14.751 -27.824
-12.437 12.939 -31.204
-8.982 11.264 -31.393
-8.672 10.357 -35.1

-6.282 10.744 -38.079
-6.98 13.557 -40.6
-9.895 13.022 -43.051

-11.208 15.853 -45.293
-14.92 14.856 -45.011
-14.611 14.37 -41.226
-13.015 17.857 -40.827
-15.875 19.254 -42.999
-18.403 17.482 -40.669
-16.559 18.759 -37.515
-16.844 22.341 -38.957

-20.697 21.797 -39.029
-20.861 21.033 -35.24
-22.116 23.933 -33.104
-20.016 23.255 -29.939
-16.791 22.621 -31.971

-13.393 23.436 -30.391
-10.011 22.816 -32.063
-6.805 22.812 -29.99

-3.883 23.919 -32.209
-1.328 22.314 -29.773
-2.753 18.736 -29.691
-4.334 19.137 -33.217

-7.578 17.622 -31.79
-11.313 18.386 -31.995
-13.683 18.544 -28.991
-17.466 19.001 -28.65
-20.131 19.402 -25.91

-21.257 16.038 -24.476
-24.923 16.743 -25.497
-23.731 16.722 -29.178
-22.178 13.179 -28.839
-25.228 11.354 -30.322
-25.57 14.044 -33.093
-21.852 13.682 -34.021
-21.815 9.829 -34.037
-25.045 9.774 -36.128
-23.507 12.176 -38.75
-20.093 10.348 -38.803

-21.793 6.948 -39.527
-22.962 8.546 -42.834
-19.328 9.196 -43.991
-17.677 6.563 -46.261
-14.251 5.2 -45.121

-14.46 6.789 -41.562
-14.765 4.819 -38.279
-15.142 6.964 -35.114
-15.663 4.659 -32.101

-16.7863 2.67658 -29.1165
-20.3597 1.13985 -28.8392
-19.1787 -2.19739 -27.5106

-18.3747 -5.37742 -25.5913
-21.3596 -4.86196 -23.2961
-23.6768 -4.35069 -26.2646
-22.4198 -7.53357 -27.9175
-22.9789 -9.5252 -24.7294
-26.5287 -8.20547 -24.4125

-28.391 -4.95095 -25.2321
-29.3252 -1.45294 -24.3823
-29.5517 2.29567 -24.4335

-28.2852 3.8385 -21.1996
-26.9314 0.489549 -20.0187
-25.1159 -0.0478884 -23.3138

-24.4989 3.60711 -22.2018
-24.0069 6.46111 -24.7418
-22.9789 8.60811 -21.7008
-19.8589 9.01111 -19.5128
-21.5149 8.43511 -16.1268
-18.6799 7.39211 -13.7848
-19.2159 4.16011 -11.7388
-22.7039 4.19711 -10.0988
-22.2829 5.01311 -6.39284
-22.0629 1.83711 -4.31084
-25.2989 1.80411 -2.22484
-24.7609 1.75111 1.55116
-25.7899 -1.64389 2.93816
-28.2119 -1.94489 5.86316
-25.8739 -3.34389 8.57016
-28.5619 -3.17589 11.3822
-28.6439 -7.03589 11.5182
-24.8049 -7.04589 12.0492
-23.3049 -6.88889 15.5642

-23.0049 -3.12089 16.5082
-19.4759 -3.68589 17.9662
-18.2809 -4.72589 14.4622
-20.2159 -2.00989 12.5252
-18.8869 0.813112 14.8152

-15.2229 -0.374888 14.4562
-15.1719 -0.372888 10.5902
-12.9299 2.39211 9.18116

-14.5909 4.49711 6.35816
-12.7159 2.58811 3.59116
-13.5489 -0.792888 5.26116
-17.2809 0.212112 5.27216
-17.0469 1.12311 1.54216
-15.4279 -2.33989 0.94116
-18.2729 -4.11989 2.83916
-20.8479 -2.11089 0.78616
-19.0399 -3.02989 -2.50884
-18.9149 -6.73589 -1.51984
-22.6809 -6.70389 -0.67684
-23.5089 -4.85189 -3.96984

-21.4579 -7.54989 -5.87684
-23.6989 -10.1469 -4.07484
-20.9969 -11.4949 -1.67484

-18.8369 -12.8419 -4.57884
-15.4409 -11.0769 -4.64184
-11.6939 -11.1829 -4.12584
-10.7799 -8.65389 -1.38384

-7.17888 -7.99989 -2.53284
-6.61988 -5.00589 -0.17984
-2.98888 -4.58989 0.97216
-1.53288 -6.47989 3.99316
-2.84588 -5.23889 7.37916
-5.71788 -3.02589 5.96916
-8.19088 -5.21389 8.00316

-9.32888 -7.84089 5.42616
-10.4969 -10.1139 8.32916
-12.8479 -7.48089 9.91116
-14.3609 -6.68889 6.44916
-14.7669 -10.4569 5.68516
-16.5049 -11.1529 9.05616
-18.8999 -8.19889 8.39316
-19.7319 -9.33989 4.79016
-20.3309 -12.9179 6.05816
-22.4399 -11.6749 9.05616
-24.7119 -9.66389 6.67316
-25.3849 -13.1369 5.10216
-25.8689 -14.9019 8.57616
-29.3709 -16.0519 7.36516

-27.5349 -18.1509 4.65716
-25.1109 -20.0629 7.00516
-23.4659 -22.6079 7.76516

-20.2589 -20.6429 7.08316
-17.0359 -22.3319 5.86416
-13.7199 -20.5229 6.59216
-10.6169 -21.9339 4.81816
-7.31388 -20.5519 6.19816

-3.53488 -21.2109 6.58116
-2.90088 -24.0149 9.16216
-1.34088 -21.4999 11.6882
-4.17388 -18.8349 11.7942

-7.24288 -21.0629 12.5982
-7.37988 -19.9479 16.2702
-6.63888 -16.2969 15.2252
-9.84988 -16.4989 13.1012
-11.8989 -18.0919 15.9702
-10.7529 -15.2749 18.3242
-11.5939 -12.7189 15.5642
-15.2069 -14.0839 15.3552
-15.5669 -14.0549 19.2062
-14.0809 -10.4949 19.3182
-16.3079 -8.99989 16.5732

-19.6059 -11.0039 16.8352
-20.3359 -11.2449 20.6512
-23.8729 -12.4039 19.5432
-22.2489 -15.8959 19.0012
-21.5149 -18.4799 21.7122

-18.1169 -20.2989 21.4522
-20.1229 -23.5149 20.6752
-21.2649 -21.8619 17.3862

-17.5759 -22.0109 16.1712
-15.9899 -25.3189 15.0832
-12.1659 -25.2359 14.6762

-11.1869 -28.3109 12.6302
-7.80088 -29.4979 13.9672
-7.68588 -33.0319 12.4082
-8.88988 -34.9939 9.33016
-11.2539 -37.0149 11.6652
-13.2729 -34.0029 12.9122
-16.8369 -33.1119 11.7542
-16.5599 -30.1679 9.29616
-20.3009 -29.2969 9.86816
-20.4039 -29.3609 13.7222
-20.5929 -25.5269 14.1312
-22.5649 -22.6609 12.5902

-19.0729 -21.3349 11.6332
-16.5499 -24.0279 10.5602
-12.8209 -23.0929 10.3982
-10.4939 -25.4969 8.48216
-7.01388 -25.4899 6.88616

-6.14288 -25.9349 3.17216
-4.24188 -29.2039 3.97016
-7.31788 -30.7409 5.70816
-9.78488 -29.9639 2.81716

-8.41088 -32.9099 0.73516
-8.77188 -35.2679 3.77816
-12.3279 -33.9349 4.44016
-13.4989 -34.0099 0.73416
-16.2159 -36.6099 1.63916
-17.7279 -34.0309 4.10716
-17.4399 -31.0889 1.58416
-20.5559 -32.6279 -0.12684
-22.6729 -30.6459 2.42016
-23.5789 -27.3319 0.64716
-21.8519 -24.4299 2.43716
-23.7209 -21.4099 0.95516

-21.1889 -18.8719 2.38716
-17.4209 -19.4929 2.02416
-14.4919 -17.3399 3.19716

-11.0019 -18.3049 1.95516
-8.14688 -16.4319 3.65416
-4.82588 -16.0599 1.74616

-6.55088 -17.5469 -1.37384
-3.24988 -17.4019 -3.37284
-2.73688 -20.9369 -1.86084
-5.25888 -22.0609 -4.58084

-3.04288 -20.6309 -7.45884
-2.34588 -24.1039 -9.01584
-5.39788 -26.1779 -10.1408
-3.47888 -29.5429 -10.0428
-2.87088 -29.3109 -6.24384

-5.03588 -31.4639 -3.91284
-6.05288 -28.3169 -1.89184
-7.31688 -26.6039 -5.09784
-9.07088 -29.7879 -6.41084
-10.9459 -30.0999 -3.05284
-11.7979 -26.3319 -2.73684
-12.9499 -25.5479 -6.32984
-16.1849 -27.7179 -6.40784
-17.4459 -25.9809 -3.20384
-16.4889 -22.4669 -4.46884
-18.3779 -23.0209 -7.79084

-21.6329 -24.1219 -5.98084
-21.5569 -21.8389 -2.86984
-23.8569 -18.7369 -3.10884

-21.3109 -16.3109 -1.50884
-17.5039 -16.5419 -2.03384
-15.2539 -14.1179 -0.11484
-11.6299 -14.6519 -1.22784
-8.91188 -12.7159 0.68316

-5.22388 -12.1299 -0.22384
-2.48288 -9.48289 0.16816
-0.774881 -10.8939 -2.94184
-3.48688 -12.4169 -5.23684
-0.747881 -13.2159 -7.74984
2.67112 -14.1509 -6.28184
4.69412 -13.9219 -9.56084
2.55512 -14.3799 -12.7688

-0.970881 -13.7829 -14.2888
-1.62988 -17.5909 -14.5058
-1.88688 -17.7129 -10.6278
-5.10388 -15.5649 -10.7838
-7.11288 -18.0409 -12.9328
-8.38888 -20.2209 -10.0188
-9.46588 -17.0869 -8.04784
-11.2229 -15.6009 -11.1628
-13.2439 -18.8329 -11.7808
-14.0299 -19.1209 -8.01884
-15.5889 -15.5779 -8.00084

-17.0919 -15.8489 -11.5768
-17.4769 -19.5649 -12.6618
-18.6569 -18.4459 -16.1848
-15.4199 -16.4849 -16.9128
-12.8219 -18.4309 -18.9968
-14.3849 -21.9799 -18.6338
-11.0609 -23.4119 -19.9758

-7.58588 -22.2139 -18.8338
-6.20388 -22.2169 -22.4368
-8.35088 -19.1619 -23.4348
-7.04988 -17.2259 -20.3638
-3.44988 -18.3939 -21.0728
-3.51288 -17.3569 -24.7888
-4.72288 -13.8289 -23.8348
-2.88788 -13.0149 -20.5468

0.00511904 -15.5459 -20.1688
1.66412 -15.0629 -23.6468
1.01612 -18.7719 -24.2628

3.59312 -20.4189 -26.5938
3.34412 -23.7669 -28.4358

6.62412 -25.6099 -27.6788
7.62012 -29.0919 -29.1068
6.57012 -30.6589 -25.7198

3.21412 -28.7659 -25.3128
2.05012 -25.2829 -24.2188
4.14012 -22.8579 -22.1368

2.12912 -20.3869 -19.9428
5.06012 -18.7709 -17.9838
4.72912 -15.4439 -19.8768
2.51012 -12.3569 -19.5308
0.382119 -10.2969 -21.9698
-2.37288 -7.60189 -22.0478

-1.91288 -6.88489 -18.2728
-3.74388 -3.48689 -18.3718
-6.84388 -5.26289 -19.8288
-6.51888 -7.97689 -17.1248
-6.33788 -5.20889 -14.4318
-9.54588 -3.57089 -15.8008
-11.3789 -6.96589 -15.9098
-10.2669 -7.78889 -12.3228
-11.3259 -4.39089 -10.8358
-14.7279 -4.34089 -12.6488
-15.9049 -7.94989 -12.1138
-13.6739 -9.95189 -9.64784

-11.5409 -7.89389 -7.26384
-11.5989 -4.99989 -4.79284
-7.99588 -3.75789 -4.25984
-6.68888 -0.756888 -2.27084
-3.11388 0.0781116 -1.29684

-1.58788 1.56211 1.93116
-0.976881 4.76611 -0.0908404
-4.73188 5.01511 -0.99084
-6.17188 4.64511 2.56916

-3.36088 5.14011 5.19116
-1.39988 8.37511 4.36016
0.014119 8.13811 7.96016
2.01912 4.87011 7.54416
5.81812 5.56411 7.52916
7.57112 4.83011 4.20516

9.22712 1.46011 3.46216
12.8431 2.30811 2.48416
14.3801 -0.581888 0.48216
18.0591 -1.07989 -0.46484
20.4211 -3.68889 -1.86684
23.4621 -4.38389 0.37416

26.2811 -5.93789 -1.68084
28.0611 -8.13889 0.91016
31.7761 -8.31989 0.10016

32.7601 -11.5509 -1.82284
36.3751 -11.0799 -0.49484

35.3371 -13.2719 2.52716
34.2961 -16.0609 0.0421596
37.4341 -18.2419 0.10816

38.9401 -19.5149 -3.18984
37.6281 -23.1329 -2.64884
34.0061 -21.9349 -2.09784
34.2831 -19.6049 -5.15884
35.7121 -22.4499 -7.31084
32.7741 -24.6669 -6.12584
30.2281 -21.9319 -7.12384
32.0251 -21.5339 -10.5138
31.9381 -25.3599 -10.9448
28.1651 -25.6689 -10.1968
27.4771 -22.6169 -12.4648
29.4321 -24.2929 -15.3518
27.6581 -27.6059 -14.5608
24.1611 -26.0539 -15.1448
25.2521 -24.7229 -18.6158

26.7321 -28.0529 -19.8678
24.9021 -29.1509 -23.0728
25.0431 -32.9309 -22.5378
23.1721 -33.0919 -19.1528
19.5991 -34.3199 -18.6458

16.8031 -31.9329 -17.4918
17.1221 -33.5949 -14.0288
20.9441 -33.1359 -13.7398
20.3931 -29.4339 -14.7108
17.8041 -29.0809 -11.8358
20.1721 -30.9009 -9.39884
23.1211 -28.6089 -10.3558
20.7701 -25.5709 -9.89984
19.7551 -26.7729 -6.37584
23.4701 -27.3539 -5.56884
24.4401 -23.8329 -6.84084
21.6131 -22.2939 -4.72584
22.5681 -24.2429 -1.52784
26.3011 -23.3259 -2.09484
25.2511 -19.6359 -2.45484
23.6001 -19.8249 1.00516
26.7601 -21.4059 2.57416
29.0601 -18.8449 0.84616
27.0611 -15.8709 2.29216
27.0081 -17.0669 5.99016
30.2951 -15.3139 7.12716
29.3581 -11.8809 5.65516
25.6731 -12.2359 6.69516
27.0141 -12.7839 10.2662
29.4861 -9.84089 9.87916
26.5591 -7.58989 8.79616
24.2471 -8.74189 11.6862
27.0521 -7.97389 14.1972
27.7061 -4.52389 12.5722
23.9571 -3.72689 13.0482
24.0841 -4.73789 16.7732
27.4091 -2.87289 17.3632

25.7511 0.206112 15.6802
23.2711 0.191112 18.6542
20.1021 -1.10589 16.8632
17.4081 -2.05889 19.3912
15.1551 -4.40789 17.2672

15.3741 -6.00289 13.7862
14.2061 -9.07889 11.8152
16.5761 -11.4409 9.94016
14.9901 -13.5079 7.13616

16.6111 -16.6629 5.66516
15.2291 -19.9639 4.18816
18.1071 -22.5079 4.24316

18.2381 -24.1919 7.69616
22.1011 -23.9899 7.75416
21.8711 -20.1329 7.51216
19.2681 -19.9479 10.3562
21.4291 -22.3829 12.4422
24.6941 -20.4009 11.8882
23.0171 -17.0219 12.7342
21.4641 -18.4509 15.9732
24.8001 -20.0839 17.0032
26.7421 -16.7809 16.5832
24.0561 -14.7679 18.4912
24.2741 -17.3589 21.3562
28.1361 -17.1349 21.2412

27.8481 -13.2799 21.4972
25.1801 -13.7119 24.2982
22.6021 -11.7519 22.1962
18.9981 -12.4389 23.2652

16.9951 -13.4299 20.1542
13.9101 -15.3979 18.9882
13.8321 -18.1149 16.2722
10.8301 -19.2159 14.1282

11.0961 -21.9379 11.4302
9.26312 -25.0339 10.0162
9.84112 -26.9509 13.3252
8.40712 -24.2019 15.6412
4.89412 -25.2069 16.8302
1.73112 -23.1109 16.1742
1.35812 -22.0029 19.8622

5.11612 -21.3609 20.4492
5.10712 -19.1359 17.2822
2.54612 -16.8039 18.9462
4.39512 -16.8589 22.3302
7.83112 -16.0709 20.7222
6.09012 -13.3019 18.6992
4.75612 -11.8139 21.9992
8.23312 -12.1969 23.6522
9.88112 -10.1809 20.7842
7.03312 -7.58089 20.8342
6.95912 -7.01689 24.6452

10.5921 -7.67989 25.7792
13.1761 -4.89789 25.0932
15.9791 -7.52589 25.5432
15.1681 -9.52989 22.3652
17.1371 -7.54889 19.7442

16.9951 -10.0729 16.8312
14.2351 -12.2439 15.3522
15.6971 -15.1059 13.2222
12.8411 -16.0159 10.8492
12.2671 -18.5439 8.06116

10.9551 -16.6479 4.96016
8.52612 -19.5579 4.25116
7.46312 -20.4069 7.84816
6.97612 -16.8129 9.21516
5.25412 -15.2839 6.08216
1.79312 -15.7579 7.77016
-0.204881 -14.8019 10.9212
2.56212 -13.0359 12.9162
3.01112 -9.26389 13.6012
6.46412 -7.72089 14.3102
5.62712 -3.98589 14.7562
8.33712 -3.65389 17.5092
11.1211 -3.71889 14.8362
12.0051 -0.913888 12.3392

14.4521 -2.99089 10.1972
14.1431 -6.15489 8.05516
17.3101 -7.92189 6.77016
16.9331 -10.5549 4.02616

20.0931 -12.6779 4.47016
18.8841 -14.6979 1.43916
16.8731 -13.8949 -1.70884
13.6801 -15.8599 -2.50484
12.5941 -16.4139 -6.17184
8.94812 -15.4419 -5.42684

8.40812 -11.6649 -4.77884
4.93512 -12.2129 -3.21584
6.63612 -14.0799 -0.29584
9.25512 -11.2839 0.11916
6.41812 -8.65589 0.27316
4.53812 -10.8959 2.80816
7.71612 -10.9029 4.98816
8.19012 -7.05189 4.75616

4.49212 -6.57689 5.77416
5.16612 -8.42389 9.05816
6.78712 -5.14389 10.3232
4.85512 -2.62189 8.17816
1.47112 -3.11489 10.0022
-1.06888 -0.940888 11.8852
0.855119 0.00111161 15.0822
4.16312 0.773112 13.2602
5.39212 4.37311 13.9742
8.91412 4.30411 12.3612
10.0171 4.26711 8.67516

10.6391 0.586112 7.85216
14.1291 -0.234888 6.52016
14.3911 -3.28589 4.18516
17.9521 -4.53789 3.44416
18.4561 -7.22189 0.73216
21.8761 -8.91689 1.24016
23.4091 -9.93289 -2.16284

26.7981 -11.4329 -3.18484
28.4991 -10.9139 -6.61384
29.6051 -14.2789 -8.13784
26.5821 -16.2539 -6.71984
22.9101 -17.2539 -7.34584

21.8981 -13.6699 -6.26684
23.2171 -12.3259 -9.65084
20.4371 -14.3339 -11.4608
17.7381 -14.2569 -8.72684
17.7021 -10.4429 -8.30684
16.8911 -9.60089 -12.0208
14.3061 -12.4879 -11.9708
12.5971 -11.0509 -8.82684
12.6101 -7.53789 -10.4438
10.9171 -8.62089 -13.7258
8.31612 -10.5459 -11.6108
7.47412 -7.41089 -9.49184
7.11412 -5.41889 -12.7638
4.64112 -8.06389 -14.1288
2.71912 -7.79789 -10.7968
2.73412 -3.93389 -10.9608
1.50712 -3.84989 -14.6308

-1.36588 -6.17189 -13.5138
-2.16588 -3.62989 -10.6688
-1.08988 -6.23089 -8.02484
1.93012 -4.32389 -6.54884
3.10512 -0.708888 -5.97684
6.56312 -2.14789 -5.24184
9.03712 -1.01189 -7.88684
12.4771 -2.68389 -7.41384
14.3621 -0.877888 -10.3028

15.3681 2.21111 -8.22084
17.4161 0.0221116 -5.77784
19.7631 -1.29489 -8.55684
20.6141 2.10211 -10.1158

21.8791 3.06111 -6.58584
24.3641 0.0881116 -6.16284

End chain 1
