-13.201 -6.296 -53.957
-10.703 -3.406 -53.291
-9.54 -3.087 -49.639
-11.02 0.322 -48.639
-8.614 1.85 -46.053
-10.787 3.126 -43.162

-9.634 6.195 -41.181
-10.061 4.9 -37.589
-10.286 6.838 -34.306
-12.195 7.103 -30.979
-14.163 9.439 -28.711
-12.619 10.223 -25.263
-14.157 12.207 -22.344

-11.943 15.248 -21.466
-14.301 16.978 -18.949
-17.827 16.65 -17.399
-19.139 18.761 -20.353

-16.752 17.96 -23.312
-15.482 14.956 -25.281
-12.62 14.751 -27.824
-12.437 12.939 -31.204
-8.982 11.264 -31.393
-8.672 10.357 -35.1

-6.282 10.744 -38.079
-6.98 13.557 -40.6
-9.895 13.022 -43.051

-11.208 15.853 -45.293
-14.92 14.856 -45.011
-14.611 14.37 -41.226
-13.015 17.857 -40.827
-15.875 19.254 -42.999
-18.403 17.482 -40.669
-16.559 18.759 -37.515
-16.844 22.341 -38.957

-20.697 21.797 -39.029
-20.861 21.033 -35.24
-22.116 23.933 -33.104
-20.016 23.255 -29.939
-16.791 22.621 -31.971

-13.393 23.436 -30.391
-10.011 22.816 -32.063
-6.805 22.812 -29.99

-3.883 23.919 -32.209
-1.328 22.314 -29.773
-2.753 18.736 -29.691
-4.334 19.137 -33.217

-7.578 17.622 -31.79
-11.313 18.386 -31.995
-13.683 18.544 -28.991
-17.466 19.001 -28.65
-20.131 19.402 -25.91

-21.257 16.038 -24.476
-24.923 16.743 -25.497
-23.731 16.722 -29.178
-22.178 13.179 -28.839
-25.228 11.354 -30.322
-25.57 14.044 -33.093
-21.852 13.682 -34.021
-21.815 9.829 -34.037
-25.045 9.774 -36.128
-23.507 12.176 -38.75
-20.093 10.348 -38.803

-21.793 6.948 -39.527
-22.962 8.546 -42.834
-19.328 9.196 -43.991
-17.677 6.563 -46.261
-14.251 5.2 -45.121

-14.46 6.789 -41.562
-14.765 4.819 -38.279
-15.142 6.964 -35.114
-15.663 4.659 -32.101

-16.8714 2.63845 -29.0062
-18.3086 0.866229 -25.9532
-21.3052 -0.450773 -24.1944

-20.3007 -3.69062 -22.4805
-23.2383 -3.44559 -20.0818
-25.6616 -2.88102 -22.9544
-24.3083 -5.90403 -24.8179
-24.6826 -8.09374 -21.7344
-28.2786 -6.96365 -21.2496

-30.1408 -3.70913 -22.0691
-31.0751 -0.211127 -21.2193
-31.3016 3.53749 -21.2706

-30.0351 5.08032 -18.0366
-28.6813 1.73136 -16.8557
-26.8658 1.19393 -20.1509

-26.2488 4.84893 -19.0389
-25.7568 7.70293 -21.5789
-24.7288 9.84993 -18.5379
-21.6088 10.2529 -16.3499
-23.2648 9.67693 -12.9639
-20.4298 8.63393 -10.6219
-20.9658 5.40193 -8.57587
-24.4538 5.43893 -6.93587
-24.0328 6.25493 -3.22987
-23.8128 3.07893 -1.14787
-27.0488 3.04593 0.938132
-26.5108 2.99293 4.71413
-27.5398 -0.402072 6.10113
-29.9618 -0.703072 9.02613
-27.6238 -2.10207 11.7331
-30.3118 -1.93407 14.5451
-30.3938 -5.79407 14.6811
-26.5548 -5.80407 15.2121
-25.0548 -5.64707 18.7271

-24.7548 -1.87907 19.6711
-21.2258 -2.44407 21.1291
-20.0308 -3.48407 17.6251
-21.9658 -0.768072 15.6881
-20.6368 2.05493 17.9781

-16.9728 0.866928 17.6191
-16.9218 0.868928 13.7531
-14.6798 3.63393 12.3441

-16.3408 5.73893 9.52113
-14.4658 3.82993 6.75413
-15.2988 0.448928 8.42413
-19.0308 1.45393 8.43513
-18.7968 2.36493 4.70513
-17.1778 -1.09807 4.10413
-20.0228 -2.87807 6.00213
-22.5978 -0.869072 3.94913
-20.7898 -1.78807 0.654132
-20.6648 -5.49407 1.64313
-24.4308 -5.46207 2.48613
-25.2588 -3.61007 -0.806868

-23.2078 -6.30807 -2.71387
-25.4488 -8.90507 -0.911868
-22.7468 -10.2531 1.48813

-20.5868 -11.6001 -1.41587
-17.1908 -9.83507 -1.47887
-13.4438 -9.94107 -0.962868
-12.5298 -7.41207 1.77913

-8.92877 -6.75807 0.630132
-8.36977 -3.76407 2.98313
-4.73877 -3.34807 4.13513
-3.28277 -5.23807 7.15613
-4.59577 -3.99707 10.5421
-7.46777 -1.78407 9.13213
-9.94077 -3.97207 11.1661

-11.0788 -6.59907 8.58913
-12.2468 -8.87207 11.4921
-14.5978 -6.23907 13.0741
-16.1108 -5.44707 9.61213
-16.5168 -9.21507 8.84813
-18.2548 -9.91107 12.2191
-20.6498 -6.95707 11.5561
-21.4818 -8.09807 7.95313
-22.0808 -11.6761 9.22113
-24.1898 -10.4331 12.2191
-26.4618 -8.42207 9.83613
-27.1348 -11.8951 8.26513
-27.6188 -13.6601 11.7391
-31.1208 -14.8101 10.5281

-29.2848 -16.9091 7.82013
-26.8608 -18.8211 10.1681
-25.2158 -21.3661 10.9281

-22.0088 -19.4011 10.2461
-18.7858 -21.0901 9.02713
-15.4698 -19.2811 9.75513
-12.3668 -20.6921 7.98113
-9.06377 -19.3101 9.36113

-5.28477 -19.9691 9.74413
-4.65077 -22.7731 12.3251
-3.09077 -20.2581 14.8511
-5.92377 -17.5931 14.9571

-8.99277 -19.8211 15.7611
-9.12977 -18.7061 19.4331
-8.38877 -15.0551 18.3881
-11.5998 -15.2571 16.2641
-13.6488 -16.8501 19.1331
-12.5028 -14.0331 21.4871
-13.3438 -11.4771 18.7271
-16.9568 -12.8421 18.5181
-17.3168 -12.8131 22.3691
-15.8308 -9.25307 22.4811
-18.0578 -7.75807 19.7361

-21.3558 -9.76207 19.9981
-22.0858 -10.0031 23.8141
-25.6228 -11.1621 22.7061
-23.9988 -14.6541 22.1641
-23.2648 -17.2381 24.8751

-19.8668 -19.0571 24.6151
-21.8728 -22.2731 23.8381
-23.0148 -20.6201 20.5491

-19.3258 -20.7691 19.3341
-17.7398 -24.0771 18.2461
-13.9158 -23.9941 17.8391

-12.9368 -27.0691 15.7931
-9.55077 -28.2561 17.1301
-9.43577 -31.7901 15.5711
-10.6398 -33.7521 12.4931
-13.0038 -35.7731 14.8281
-15.0228 -32.7611 16.0751
-18.5868 -31.8701 14.9171
-18.3098 -28.9261 12.4591
-22.0508 -28.0551 13.0311
-22.1538 -28.1191 16.8851
-22.3428 -24.2851 17.2941
-24.3148 -21.4191 15.7531

-20.8228 -20.0931 14.7961
-18.2998 -22.7861 13.7231
-14.5708 -21.8511 13.5611
-12.2438 -24.2551 11.6451
-8.76377 -24.2481 10.0491

-7.89277 -24.6931 6.33513
-5.99177 -27.9621 7.13313
-9.06777 -29.4991 8.87113
-11.5348 -28.7221 5.98013

-10.1608 -31.6681 3.89813
-10.5218 -34.0261 6.94113
-14.0778 -32.6931 7.60313
-15.2488 -32.7681 3.89713
-17.9658 -35.3681 4.80213
-19.4778 -32.7891 7.27013
-19.1898 -29.8471 4.74713
-22.3058 -31.3861 3.03613
-24.4228 -29.4041 5.58313
-25.3288 -26.0901 3.81013
-23.6018 -23.1881 5.60013
-25.4708 -20.1681 4.11813

-22.9388 -17.6301 5.55013
-19.1708 -18.2511 5.18713
-16.2418 -16.0981 6.36013

-12.7518 -17.0631 5.11813
-9.89677 -15.1901 6.81713
-6.57577 -14.8181 4.90913

-8.30077 -16.3051 1.78913
-4.99977 -16.1601 -0.209868
-4.48677 -19.6951 1.30213
-7.00877 -20.8191 -1.41787

-4.79277 -19.3891 -4.29587
-4.09577 -22.8621 -5.85287
-7.14777 -24.9361 -6.97787
-5.22877 -28.3011 -6.87987
-4.62077 -28.0691 -3.08087

-6.78577 -30.2221 -0.749868
-7.80277 -27.0751 1.27113
-9.06677 -25.3621 -1.93487
-10.8208 -28.5461 -3.24787
-12.6958 -28.8581 0.110132
-13.5478 -25.0901 0.426132
-14.6998 -24.3061 -3.16687
-17.9348 -26.4761 -3.24487
-19.1958 -24.7391 -0.0408684
-18.2388 -21.2251 -1.30587
-20.1278 -21.7791 -4.62787

-23.3828 -22.8801 -2.81787
-23.3068 -20.5971 0.293132
-25.6068 -17.4951 0.0541316

-23.0608 -15.0691 1.65413
-19.2538 -15.3001 1.12913
-17.0038 -12.8761 3.04813
-13.3798 -13.4101 1.93513
-10.6618 -11.4741 3.84613

-6.97377 -10.8881 2.93913
-4.23277 -8.24107 3.33113
-2.52477 -9.65207 0.221132
-5.23677 -11.1751 -2.07387
-2.49777 -11.9741 -4.58687
0.921226 -12.9091 -3.11887
2.94423 -12.6801 -6.39787
0.805226 -13.1381 -9.60587

-2.72077 -12.5411 -11.1259
-3.37977 -16.3491 -11.3429
-3.63677 -16.4711 -7.46487
-6.85377 -14.3231 -7.62087
-8.86277 -16.7991 -9.76987
-10.1388 -18.9791 -6.85587
-11.2158 -15.8451 -4.88487
-12.9728 -14.3591 -7.99987
-14.9938 -17.5911 -8.61787
-15.7798 -17.8791 -4.85587
-17.3388 -14.3361 -4.83787

-18.8418 -14.6071 -8.41387
-19.2268 -18.3231 -9.49887
-20.4068 -17.2041 -13.0219
-17.1698 -15.2431 -13.7499
-14.5718 -17.1891 -15.8339
-16.1348 -20.7381 -15.4709
-12.8108 -22.1701 -16.8129

-9.33577 -20.9721 -15.6709
-7.95377 -20.9751 -19.2739
-10.1008 -17.9201 -20.2719
-8.79977 -15.9841 -17.2009
-5.19977 -17.1521 -17.9099
-5.26277 -16.1151 -21.6259
-6.47277 -12.5871 -20.6719
-4.63777 -11.7731 -17.3839

-1.74477 -14.3041 -17.0059
-0.0857736 -13.8211 -20.4839
-0.733774 -17.5301 -21.0999

1.84323 -19.1771 -23.4309
1.59423 -22.5251 -25.2729

4.87423 -24.3681 -24.5159
5.87023 -27.8501 -25.9439
4.82023 -29.4171 -22.5569

1.46423 -27.5241 -22.1499
0.300226 -24.0411 -21.0559
2.39023 -21.6161 -18.9739

0.379226 -19.1451 -16.7799
3.31023 -17.5291 -14.8209
2.97923 -14.2021 -16.7139
0.760226 -11.1151 -16.3679
-1.36777 -9.05507 -18.8069
-4.12277 -6.36007 -18.8849

-3.66277 -5.64307 -15.1099
-5.49377 -2.24507 -15.2089
-8.59377 -4.02107 -16.6659
-8.26877 -6.73507 -13.9619
-8.08777 -3.96707 -11.2689
-11.2958 -2.32907 -12.6379
-13.1288 -5.72407 -12.7469
-12.0168 -6.54707 -9.15987
-13.0758 -3.14907 -7.67287
-16.4778 -3.09907 -9.48587
-17.6548 -6.70807 -8.95087
-15.4238 -8.71007 -6.48487

-13.2908 -6.65207 -4.10087
-13.3488 -3.75807 -1.62987
-9.74577 -2.51607 -1.09687
-8.43877 0.484928 0.892132
-4.86377 1.31993 1.86613

-3.33777 2.80393 5.09413
-2.72677 6.00793 3.07213
-6.48177 6.25693 2.17213
-7.92177 5.88693 5.73213

-5.11077 6.38193 8.35413
-3.14977 9.61693 7.52313
-1.73577 9.37993 11.1231
0.269226 6.11193 10.7071
4.06823 6.80593 10.6921
5.82123 6.07193 7.36813

7.47723 2.70193 6.62513
11.0932 3.54993 5.64713
12.6302 0.659928 3.64513
16.3092 0.161928 2.69813
18.6712 -2.44707 1.29613
21.7122 -3.14207 3.53713

24.5312 -4.69607 1.48213
26.3112 -6.89707 4.07313
30.0262 -7.07807 3.26313

31.0102 -10.3091 1.34013
34.6252 -9.83807 2.66813

33.5872 -12.0301 5.69013
32.5462 -14.8191 3.20513
35.6842 -17.0001 3.27113

37.1902 -18.2731 -0.0268684
35.8782 -21.8911 0.514132
32.2562 -20.6931 1.06513
32.5332 -18.3631 -1.99587
33.9622 -21.2081 -4.14787
31.0242 -23.4251 -2.96287
28.4782 -20.6901 -3.96087
30.2752 -20.2921 -7.35087
30.1882 -24.1181 -7.78187
26.4152 -24.4271 -7.03387
25.7272 -21.3751 -9.30187
27.6822 -23.0511 -12.1889
25.9082 -26.3641 -11.3979
22.4112 -24.8121 -11.9819
23.5022 -23.4811 -15.4529

24.9822 -26.8111 -16.7049
23.1522 -27.9091 -19.9099
23.2932 -31.6891 -19.3749
21.4222 -31.8501 -15.9899
17.8492 -33.0781 -15.4829

15.0532 -30.6911 -14.3289
15.3722 -32.3531 -10.8659
19.1942 -31.8941 -10.5769
18.6432 -28.1921 -11.5479
16.0542 -27.8391 -8.67287
18.4222 -29.6591 -6.23587
21.3712 -27.3671 -7.19287
19.0202 -24.3291 -6.73687
18.0052 -25.5311 -3.21287
21.7202 -26.1121 -2.40587
22.6902 -22.5911 -3.67787
19.8632 -21.0521 -1.56287
20.8182 -23.0011 1.63513
24.5512 -22.0841 1.06813
23.5012 -18.3941 0.708132
21.8502 -18.5831 4.16813
25.0102 -20.1641 5.73713
27.3102 -17.6031 4.00913
25.3112 -14.6291 5.45513
25.2582 -15.8251 9.15313
28.5452 -14.0721 10.2901
27.6082 -10.6391 8.81813
23.9232 -10.9941 9.85813
25.2642 -11.5421 13.4291
27.7362 -8.59907 13.0421
24.8092 -6.34807 11.9591
22.4972 -7.50007 14.8491
25.3022 -6.73207 17.3601
25.9562 -3.28207 15.7351
22.2072 -2.48507 16.2111
22.3342 -3.49607 19.9361
25.6592 -1.63107 20.5261

24.0012 1.44793 18.8431
21.5212 1.43293 21.8171
18.3522 0.135928 20.0261
15.6582 -0.817072 22.5541
13.4052 -3.16607 20.4301

13.6242 -4.76107 16.9491
12.4562 -7.83707 14.9781
14.8262 -10.1991 13.1031
13.2402 -12.2661 10.2991

14.8612 -15.4211 8.82813
13.4792 -18.7221 7.35113
16.3572 -21.2661 7.40613

16.4882 -22.9501 10.8591
20.3512 -22.7481 10.9171
20.1212 -18.8911 10.6751
17.5182 -18.7061 13.5191
19.6792 -21.1411 15.6051
22.9442 -19.1591 15.0511
21.2672 -15.7801 15.8971
19.7142 -17.2091 19.1361
23.0502 -18.8421 20.1661
24.9922 -15.5391 19.7461
22.3062 -13.5261 21.6541
22.5242 -16.1171 24.5191
26.3862 -15.8931 24.4041

26.0982 -12.0381 24.6601
23.4302 -12.4701 27.4611
20.8522 -10.5101 25.3591
17.2482 -11.1971 26.4281

15.2452 -12.1881 23.3171
12.1602 -14.1561 22.1511
12.0822 -16.8731 19.4351
9.08023 -17.9741 17.2911

9.34623 -20.6961 14.5931
7.51323 -23.7921 13.1791
8.09123 -25.7091 16.4881
6.65723 -22.9601 18.8041
3.14423 -23.9651 19.9931
-0.0187736 -21.8691 19.3371
-0.391774 -20.7611 23.0251

3.36623 -20.1191 23.6121
3.35723 -17.8941 20.4451
0.796226 -15.5621 22.1091
2.64523 -15.6171 25.4931
6.08123 -14.8291 23.8851
4.34023 -12.0601 21.8621
3.00623 -10.5721 25.1621
6.48323 -10.9551 26.8151
8.13123 -8.93907 23.9471
5.28323 -6.33907 23.9971
5.20923 -5.77507 27.8081

8.84223 -6.43807 28.9421
11.4262 -3.65607 28.2561
14.2292 -6.28407 28.7061
13.4182 -8.28807 25.5281
15.3872 -6.30707 22.9071

15.2452 -8.83107 19.9941
12.4852 -11.0021 18.5151
13.9472 -13.8641 16.3851
11.0912 -14.7741 14.0121
10.5172 -17.3021 11.2241

9.20523 -15.4061 8.12313
6.77623 -18.3161 7.41413
5.71323 -19.1651 11.0111
5.22623 -15.5711 12.3781
3.50423 -14.0421 9.24513
0.0432264 -14.5161 10.9331
-1.95477 -13.5601 14.0841
0.812226 -11.7941 16.0791
1.26123 -8.02207 16.7641
4.71423 -6.47907 17.4731
3.87723 -2.74407 17.9191
6.58723 -2.41207 20.6721
9.37123 -2.47707 17.9991
10.2552 0.327928 15.5021

12.7022 -1.74907 13.3601
12.3932 -4.91307 11.2181
15.5602 -6.68007 9.93313
15.1832 -9.31307 7.18913

18.3432 -11.4361 7.63313
17.1342 -13.4561 4.60213
15.1232 -12.6531 1.45413
11.9302 -14.6181 0.658132
10.8442 -15.1721 -3.00887
7.19823 -14.2001 -2.26387

6.65823 -10.4231 -1.61587
3.18523 -10.9711 -0.0528684
4.88623 -12.8381 2.86713
7.50523 -10.0421 3.28213
4.66823 -7.41407 3.43613
2.78823 -9.65407 5.97113
5.96623 -9.66107 8.15113
6.44023 -5.81007 7.91913

2.74223 -5.33507 8.93713
3.41623 -7.18207 12.2211
5.03723 -3.90207 13.4861
3.10523 -1.38007 11.3411
-0.278774 -1.87307 13.1651
-2.81877 0.300928 15.0481
-0.894774 1.24293 18.2451
2.41323 2.01493 16.4231
3.64223 5.61493 17.1371
7.16423 5.54593 15.5241
8.26723 5.50893 11.8381

8.88923 1.82793 11.0151
12.3792 1.00693 9.68313
12.6412 -2.04407 7.34813
16.2022 -3.29607 6.60713
16.7062 -5.98007 3.89513
20.1262 -7.67507 4.40313
21.6592 -8.69107 1.00013

25.0482 -10.1911 -0.0218684
26.7492 -9.67207 -3.45087
27.8552 -13.0371 -4.97487
24.8322 -15.0121 -3.55687
21.1602 -16.0121 -4.18287

20.1482 -12.4281 -3.10387
21.4672 -11.0841 -6.48787
18.6872 -13.0921 -8.29787
15.9882 -13.0151 -5.56387
15.9522 -9.20107 -5.14387
15.1412 -8.35907 -8.85787
12.5562 -11.2461 -8.80787
10.8472 -9.80907 -5.66387
10.8602 -6.29607 -7.28087
9.16723 -7.37907 -10.5629
6.56623 -9.30407 -8.44787
5.72423 -6.16907 -6.32887
5.36423 -4.17707 -9.60087
2.89123 -6.82207 -10.9659
0.969226 -6.55607 -7.63387
0.984226 -2.69207 -7.79787
-0.242774 -2.60807 -11.4679

-3.11577 -4.93007 -10.3509
-3.91577 -2.38807 -7.50587
-2.83977 -4.98907 -4.86187
0.180226 -3.08207 -3.38587
1.35523 0.532928 -2.81387
4.81323 -0.906072 -2.07887
7.28723 0.229928 -4.72387
10.7272 -1.44207 -4.25087
12.6122 0.363928 -7.13987

13.6182 3.45293 -5.05787
15.6662 1.26393 -2.61487
18.0132 -0.0530723 -5.39387
18.8642 3.34393 -6.95287

20.1292 4.30293 -3.42287
22.6142 1.32993 -2.99987

End chain 1
