-13.201 -6.296 -53.957
-10.703 -3.406 -53.291
-9.54 -3.087 -49.639
-11.02 0.322 -48.639
-8.614 1.85 -46.053
-10.787 3.126 -43.162

-9.634 6.195 -41.181
-10.061 4.9 -37.589
-10.286 6.838 -34.306
-12.195 7.103 -30.979
-14.163 9.439 -28.711
-12.619 10.223 -25.263
-14.157 12.207 -22.344

-11.943 15.248 -21.466
-14.301 16.978 -18.949
-17.827 16.65 -17.399
-19.139 18.761 -20.353

-16.752 17.96 -23.312
-15.482 14.956 -25.281
-12.62 14.751 -27.824
-12.437 12.939 -31.204
-8.982 11.264 -31.393
-8.672 10.357 -35.1

-6.282 10.744 -38.079
-6.98 13.557 -40.6
-9.895 13.022 -43.051

-11.208 15.853 -45.293
-14.92 14.856 -45.011
-14.611 14.37 -41.226
-13.015 17.857 -40.827
-15.875 19.254 -42.999
-18.403 17.482 -40.669
-16.559 18.759 -37.515
-16.844 22.341 -38.957

-20.697 21.797 -39.029
-20.861 21.033 -35.24
-22.116 23.933 -33.104
-20.016 23.255 -29.939
-16.791 22.621 -31.971

-13.393 23.436 -30.391
-10.011 22.816 -32.063
-6.805 22.812 -29.99

-3.883 23.919 -32.209
-1.328 22.314 -29.773
-2.753 18.736 -29.691
-4.334 19.137 -33.217

-7.578 17.622 -31.79
-11.313 18.386 -31.995
-13.683 18.544 -28.991
-17.466 19.001 -28.65
-20.131 19.402 -25.91

-21.257 16.038 -24.476
-24.923 16.743 -25.497
-23.731 16.722 -29.178
-22.178 13.179 -28.839
-25.228 11.354 -30.322
-25.57 14.044 -33.093
-21.852 13.682 -34.021
-21.815 9.829 -34.037
-25.045 9.774 -36.128
-23.507 12.176 -38.75
-20.093 10.348 -38.803

-21.793 6.948 -39.527
-22.962 8.546 -42.834
-19.328 9.196 -43.991
-17.677 6.563 -46.261
-14.251 5.2 -45.121

-14.46 6.789 -41.562
-14.765 4.819 -38.279
-15.142 6.964 -35.114
-15.663 4.659 -32.101

-17.2394 3.14272 -28.9258
-20.0106 1.63736 -26.718
-19.5752 -2.11783 -25.9877

-20.0382 -5.41152 -24.1492
-22.6005 -3.85789 -21.8117
-24.5528 -2.43081 -24.7434
-24.6018 -5.81039 -26.4809
-25.8724 -7.51886 -23.333
-28.6538 -4.95766 -22.9491

-30.516 -1.70314 -23.7686
-31.4503 1.79486 -22.9189
-31.6768 5.54348 -22.9701

-30.4103 7.08631 -19.7361
-29.0565 3.73735 -18.5553
-27.241 3.19992 -21.8504

-26.624 6.85492 -20.7384
-26.132 9.70892 -23.2784
-25.104 11.8559 -20.2374
-21.984 12.2589 -18.0494
-23.64 11.6829 -14.6634
-20.805 10.6399 -12.3214
-21.341 7.40792 -10.2754
-24.829 7.44492 -8.63542
-24.408 8.26092 -4.92942
-24.188 5.08492 -2.84742
-27.424 5.05192 -0.761418
-26.886 4.99892 3.01458
-27.915 1.60392 4.40158
-30.337 1.30292 7.32658
-27.999 -0.0960829 10.0336
-30.687 0.0719171 12.8456
-30.769 -3.78808 12.9816
-26.93 -3.79808 13.5126
-25.43 -3.64108 17.0276

-25.13 0.126917 17.9716
-21.601 -0.438083 19.4296
-20.406 -1.47808 15.9256
-22.341 1.23792 13.9886
-21.012 4.06092 16.2786

-17.348 2.87292 15.9196
-17.297 2.87492 12.0536
-15.055 5.63992 10.6446

-16.716 7.74492 7.82158
-14.841 5.83592 5.05458
-15.674 2.45492 6.72458
-19.406 3.45992 6.73558
-19.172 4.37092 3.00558
-17.553 0.907917 2.40458
-20.398 -0.872083 4.30258
-22.973 1.13692 2.24958
-21.165 0.217917 -1.04542
-21.04 -3.48808 -0.0564182
-24.806 -3.45608 0.786582
-25.634 -1.60408 -2.50642

-23.583 -4.30208 -4.41342
-25.824 -6.89908 -2.61142
-23.122 -8.24708 -0.211418

-20.962 -9.59408 -3.11542
-17.566 -7.82908 -3.17842
-13.819 -7.93508 -2.66242
-12.905 -5.40608 0.0795818

-9.30396 -4.75208 -1.06942
-8.74496 -1.75808 1.28358
-5.11396 -1.34208 2.43558
-3.65796 -3.23208 5.45658
-4.97096 -1.99108 8.84258
-7.84296 0.221917 7.43258
-10.316 -1.96608 9.46658

-11.454 -4.59308 6.88958
-12.622 -6.86608 9.79258
-14.973 -4.23308 11.3746
-16.486 -3.44108 7.91258
-16.892 -7.20908 7.14858
-18.63 -7.90508 10.5196
-21.025 -4.95108 9.85658
-21.857 -6.09208 6.25358
-22.456 -9.67008 7.52158
-24.565 -8.42708 10.5196
-26.837 -6.41608 8.13658
-27.51 -9.88908 6.56558
-27.994 -11.6541 10.0396
-31.496 -12.8041 8.82858

-29.66 -14.9031 6.12058
-27.236 -16.8151 8.46858
-25.591 -19.3601 9.22858

-22.384 -17.3951 8.54658
-19.161 -19.0841 7.32758
-15.845 -17.2751 8.05558
-12.742 -18.6861 6.28158
-9.43896 -17.3041 7.66158

-5.65996 -17.9631 8.04458
-5.02596 -20.7671 10.6256
-3.46596 -18.2521 13.1516
-6.29896 -15.5871 13.2576

-9.36796 -17.8151 14.0616
-9.50496 -16.7001 17.7336
-8.76396 -13.0491 16.6886
-11.975 -13.2511 14.5646
-14.024 -14.8441 17.4336
-12.878 -12.0271 19.7876
-13.719 -9.47108 17.0276
-17.332 -10.8361 16.8186
-17.692 -10.8071 20.6696
-16.206 -7.24708 20.7816
-18.433 -5.75208 18.0366

-21.731 -7.75608 18.2986
-22.461 -7.99708 22.1146
-25.998 -9.15608 21.0066
-24.374 -12.6481 20.4646
-23.64 -15.2321 23.1756

-20.242 -17.0511 22.9156
-22.248 -20.2671 22.1386
-23.39 -18.6141 18.8496

-19.701 -18.7631 17.6346
-18.115 -22.0711 16.5466
-14.291 -21.9881 16.1396

-13.312 -25.0631 14.0936
-9.92596 -26.2501 15.4306
-9.81096 -29.7841 13.8716
-11.015 -31.7461 10.7936
-13.379 -33.7671 13.1286
-15.398 -30.7551 14.3756
-18.962 -29.8641 13.2176
-18.685 -26.9201 10.7596
-22.426 -26.0491 11.3316
-22.529 -26.1131 15.1856
-22.718 -22.2791 15.5946
-24.69 -19.4131 14.0536

-21.198 -18.0871 13.0966
-18.675 -20.7801 12.0236
-14.946 -19.8451 11.8616
-12.619 -22.2491 9.94558
-9.13896 -22.2421 8.34958

-8.26796 -22.6871 4.63558
-6.36696 -25.9561 5.43358
-9.44296 -27.4931 7.17158
-11.91 -26.7161 4.28058

-10.536 -29.6621 2.19858
-10.897 -32.0201 5.24158
-14.453 -30.6871 5.90358
-15.624 -30.7621 2.19758
-18.341 -33.3621 3.10258
-19.853 -30.7831 5.57058
-19.565 -27.8411 3.04758
-22.681 -29.3801 1.33658
-24.798 -27.3981 3.88358
-25.704 -24.0841 2.11058
-23.977 -21.1821 3.90058
-25.846 -18.1621 2.41858

-23.314 -15.6241 3.85058
-19.546 -16.2451 3.48758
-16.617 -14.0921 4.66058

-13.127 -15.0571 3.41858
-10.272 -13.1841 5.11758
-6.95096 -12.8121 3.20958

-8.67596 -14.2991 0.0895818
-5.37496 -14.1541 -1.90942
-4.86196 -17.6891 -0.397418
-7.38396 -18.8131 -3.11742

-5.16796 -17.3831 -5.99542
-4.47096 -20.8561 -7.55242
-7.52296 -22.9301 -8.67742
-5.60396 -26.2951 -8.57942
-4.99596 -26.0631 -4.78042

-7.16096 -28.2161 -2.44942
-8.17796 -25.0691 -0.428418
-9.44196 -23.3561 -3.63442
-11.196 -26.5401 -4.94742
-13.071 -26.8521 -1.58942
-13.923 -23.0841 -1.27342
-15.075 -22.3001 -4.86642
-18.31 -24.4701 -4.94442
-19.571 -22.7331 -1.74042
-18.614 -19.2191 -3.00542
-20.503 -19.7731 -6.32742

-23.758 -20.8741 -4.51742
-23.682 -18.5911 -1.40642
-25.982 -15.4891 -1.64542

-23.436 -13.0631 -0.0454182
-19.629 -13.2941 -0.570418
-17.379 -10.8701 1.34858
-13.755 -11.4041 0.235582
-11.037 -9.46808 2.14658

-7.34896 -8.88208 1.23958
-4.60796 -6.23508 1.63158
-2.89996 -7.64608 -1.47842
-5.61196 -9.16908 -3.77342
-2.87296 -9.96808 -6.28642
0.546043 -10.9031 -4.81842
2.56904 -10.6741 -8.09742
0.430043 -11.1321 -11.3054

-3.09596 -10.5351 -12.8254
-3.75496 -14.3431 -13.0424
-4.01196 -14.4651 -9.16442
-7.22896 -12.3171 -9.32042
-9.23796 -14.7931 -11.4694
-10.514 -16.9731 -8.55542
-11.591 -13.8391 -6.58442
-13.348 -12.3531 -9.69942
-15.369 -15.5851 -10.3174
-16.155 -15.8731 -6.55542
-17.714 -12.3301 -6.53742

-19.217 -12.6011 -10.1134
-19.602 -16.3171 -11.1984
-20.782 -15.1981 -14.7214
-17.545 -13.2371 -15.4494
-14.947 -15.1831 -17.5334
-16.51 -18.7321 -17.1704
-13.186 -20.1641 -18.5124

-9.71096 -18.9661 -17.3704
-8.32896 -18.9691 -20.9734
-10.476 -15.9141 -21.9714
-9.17496 -13.9781 -18.9004
-5.57496 -15.1461 -19.6094
-5.63796 -14.1091 -23.3254
-6.84796 -10.5811 -22.3714
-5.01296 -9.76708 -19.0834

-2.11996 -12.2981 -18.7054
-0.460957 -11.8151 -22.1834
-1.10896 -15.5241 -22.7994

1.46804 -17.1711 -25.1304
1.21904 -20.5191 -26.9724

4.49904 -22.3621 -26.2154
5.49504 -25.8441 -27.6434
4.44504 -27.4111 -24.2564

1.08904 -25.5181 -23.8494
-0.0749568 -22.0351 -22.7554
2.01504 -19.6101 -20.6734

0.00404316 -17.1391 -18.4794
2.93504 -15.5231 -16.5204
2.60404 -12.1961 -18.4134
0.385043 -9.10908 -18.0674
-1.74296 -7.04908 -20.5064
-4.49796 -4.35408 -20.5844

-4.03796 -3.63708 -16.8094
-5.86896 -0.239083 -16.9084
-8.96896 -2.01508 -18.3654
-8.64396 -4.72908 -15.6614
-8.46296 -1.96108 -12.9684
-11.671 -0.323083 -14.3374
-13.504 -3.71808 -14.4464
-12.392 -4.54108 -10.8594
-13.451 -1.14308 -9.37242
-16.853 -1.09308 -11.1854
-18.03 -4.70208 -10.6504
-15.799 -6.70408 -8.18442

-13.666 -4.64608 -5.80042
-13.724 -1.75208 -3.32942
-10.121 -0.510083 -2.79642
-8.81396 2.49092 -0.807418
-5.23896 3.32592 0.166582

-3.71296 4.80992 3.39458
-3.10196 8.01392 1.37258
-6.85696 8.26292 0.472582
-8.29696 7.89292 4.03258

-5.48596 8.38792 6.65458
-3.52496 11.6229 5.82358
-2.11096 11.3859 9.42358
-0.105957 8.11792 9.00758
3.69304 8.81192 8.99258
5.44604 8.07792 5.66858

7.10204 4.70792 4.92558
10.718 5.55592 3.94758
12.255 2.66592 1.94558
15.934 2.16792 0.998582
18.296 -0.441083 -0.403418
21.337 -1.13608 1.83758

24.156 -2.69008 -0.217418
25.936 -4.89108 2.37358
29.651 -5.07208 1.56358

30.635 -8.30308 -0.359418
34.25 -7.83208 0.968582

33.212 -10.0241 3.99058
32.171 -12.8131 1.50558
35.309 -14.9941 1.57158

36.815 -16.2671 -1.72642
35.503 -19.8851 -1.18542
31.881 -18.6871 -0.634418
32.158 -16.3571 -3.69542
33.587 -19.2021 -5.84742
30.649 -21.4191 -4.66242
28.103 -18.6841 -5.66042
29.9 -18.2861 -9.05042
29.813 -22.1121 -9.48142
26.04 -22.4211 -8.73342
25.352 -19.3691 -11.0014
27.307 -21.0451 -13.8884
25.533 -24.3581 -13.0974
22.036 -22.8061 -13.6814
23.127 -21.4751 -17.1524

24.607 -24.8051 -18.4044
22.777 -25.9031 -21.6094
22.918 -29.6831 -21.0744
21.047 -29.8441 -17.6894
17.474 -31.0721 -17.1824

14.678 -28.6851 -16.0284
14.997 -30.3471 -12.5654
18.819 -29.8881 -12.2764
18.268 -26.1861 -13.2474
15.679 -25.8331 -10.3724
18.047 -27.6531 -7.93542
20.996 -25.3611 -8.89242
18.645 -22.3231 -8.43642
17.63 -23.5251 -4.91242
21.345 -24.1061 -4.10542
22.315 -20.5851 -5.37742
19.488 -19.0461 -3.26242
20.443 -20.9951 -0.0644182
24.176 -20.0781 -0.631418
23.126 -16.3881 -0.991418
21.475 -16.5771 2.46858
24.635 -18.1581 4.03758
26.935 -15.5971 2.30958
24.936 -12.6231 3.75558
24.883 -13.8191 7.45358
28.17 -12.0661 8.59058
27.233 -8.63308 7.11858
23.548 -8.98808 8.15858
24.889 -9.53608 11.7296
27.361 -6.59308 11.3426
24.434 -4.34208 10.2596
22.122 -5.49408 13.1496
24.927 -4.72608 15.6606
25.581 -1.27608 14.0356
21.832 -0.479083 14.5116
21.959 -1.49008 18.2366
25.284 0.374917 18.8266

23.626 3.45392 17.1436
21.146 3.43892 20.1176
17.977 2.14192 18.3266
15.283 1.18892 20.8546
13.03 -1.16008 18.7306

13.249 -2.75508 15.2496
12.081 -5.83108 13.2786
14.451 -8.19308 11.4036
12.865 -10.2601 8.59958

14.486 -13.4151 7.12858
13.104 -16.7161 5.65158
15.982 -19.2601 5.70658

16.113 -20.9441 9.15958
19.976 -20.7421 9.21758
19.746 -16.8851 8.97558
17.143 -16.7001 11.8196
19.304 -19.1351 13.9056
22.569 -17.1531 13.3516
20.892 -13.7741 14.1976
19.339 -15.2031 17.4366
22.675 -16.8361 18.4666
24.617 -13.5331 18.0466
21.931 -11.5201 19.9546
22.149 -14.1111 22.8196
26.011 -13.8871 22.7046

25.723 -10.0321 22.9606
23.055 -10.4641 25.7616
20.477 -8.50408 23.6596
16.873 -9.19108 24.7286

14.87 -10.1821 21.6176
11.785 -12.1501 20.4516
11.707 -14.8671 17.7356
8.70504 -15.9681 15.5916

8.97104 -18.6901 12.8936
7.13804 -21.7861 11.4796
7.71604 -23.7031 14.7886
6.28204 -20.9541 17.1046
2.76904 -21.9591 18.2936
-0.393957 -19.8631 17.6376
-0.766957 -18.7551 21.3256

2.99104 -18.1131 21.9126
2.98204 -15.8881 18.7456
0.421043 -13.5561 20.4096
2.27004 -13.6111 23.7936
5.70604 -12.8231 22.1856
3.96504 -10.0541 20.1626
2.63104 -8.56608 23.4626
6.10804 -8.94908 25.1156
7.75604 -6.93308 22.2476
4.90804 -4.33308 22.2976
4.83404 -3.76908 26.1086

8.46704 -4.43208 27.2426
11.051 -1.65008 26.5566
13.854 -4.27808 27.0066
13.043 -6.28208 23.8286
15.012 -4.30108 21.2076

14.87 -6.82508 18.2946
12.11 -8.99608 16.8156
13.572 -11.8581 14.6856
10.716 -12.7681 12.3126
10.142 -15.2961 9.52458

8.83004 -13.4001 6.42358
6.40104 -16.3101 5.71458
5.33804 -17.1591 9.31158
4.85104 -13.5651 10.6786
3.12904 -12.0361 7.54558
-0.331957 -12.5101 9.23358
-2.32996 -11.5541 12.3846
0.437043 -9.78808 14.3796
0.886043 -6.01608 15.0646
4.33904 -4.47308 15.7736
3.50204 -0.738083 16.2196
6.21204 -0.406083 18.9726
8.99604 -0.471083 16.2996
9.88004 2.33392 13.8026

12.327 0.256917 11.6606
12.018 -2.90708 9.51858
15.185 -4.67408 8.23358
14.808 -7.30708 5.48958

17.968 -9.43008 5.93358
16.759 -11.4501 2.90258
14.748 -10.6471 -0.245418
11.555 -12.6121 -1.04142
10.469 -13.1661 -4.70842
6.82304 -12.1941 -3.96342

6.28304 -8.41708 -3.31542
2.81004 -8.96508 -1.75242
4.51104 -10.8321 1.16758
7.13004 -8.03608 1.58258
4.29304 -5.40808 1.73658
2.41304 -7.64808 4.27158
5.59104 -7.65508 6.45158
6.06504 -3.80408 6.21958

2.36704 -3.32908 7.23758
3.04104 -5.17608 10.5216
4.66204 -1.89608 11.7866
2.73004 0.625917 9.64158
-0.653957 0.132917 11.4656
-3.19396 2.30692 13.3486
-1.26996 3.24892 16.5456
2.03804 4.02092 14.7236
3.26704 7.62092 15.4376
6.78904 7.55192 13.8246
7.89204 7.51492 10.1386

8.51404 3.83392 9.31558
12.004 3.01292 7.98358
12.266 -0.0380829 5.64858
15.827 -1.29008 4.90758
16.331 -3.97408 2.19558
19.751 -5.66908 2.70358
21.284 -6.68508 -0.699418

24.673 -8.18508 -1.72142
26.374 -7.66608 -5.15042
27.48 -11.0311 -6.67442
24.457 -13.0061 -5.25642
20.785 -14.0061 -5.88242

19.773 -10.4221 -4.80342
21.092 -9.07808 -8.18742
18.312 -11.0861 -9.99742
15.613 -11.0091 -7.26342
15.577 -7.19508 -6.84342
14.766 -6.35308 -10.5574
12.181 -9.24008 -10.5074
10.472 -7.80308 -7.36342
10.485 -4.29008 -8.98042
8.79204 -5.37308 -12.2624
6.19104 -7.29808 -10.1474
5.34904 -4.16308 -8.02842
4.98904 -2.17108 -11.3004
2.51604 -4.81608 -12.6654
0.594043 -4.55008 -9.33342
0.609043 -0.686083 -9.49742
-0.617957 -0.602083 -13.1674

-3.49096 -2.92408 -12.0504
-4.29096 -0.382083 -9.20542
-3.21496 -2.98308 -6.56142
-0.194957 -1.07608 -5.08542
0.980043 2.53892 -4.51342
4.43804 1.09992 -3.77842
6.91204 2.23592 -6.42342
10.352 0.563917 -5.95042
12.237 2.36992 -8.83942

13.243 5.45892 -6.75742
15.291 3.26992 -4.31442
17.638 1.95292 -7.09342
18.489 5.34992 -8.65242

19.754 6.30892 -5.12242
22.239 3.33592 -4.69942

End chain 1
