-13.201 -6.296 -53.957
-10.703 -3.406 -53.291
-9.54 -3.087 -49.639
-11.02 0.322 -48.639
-8.614 1.85 -46.053
-10.787 3.126 -43.162

-9.634 6.195 -41.181
-10.061 4.9 -37.589
-10.286 6.838 -34.306
-12.195 7.103 -30.979
-14.163 9.439 -28.711
-12.619 10.223 -25.263
-14.157 12.207 -22.344

-11.943 15.248 -21.466
-14.301 16.978 -18.949
-17.827 16.65 -17.399
-19.139 18.761 -20.353

-16.752 17.96 -23.312
-15.482 14.956 -25.281
-12.62 14.751 -27.824
-12.437 12.939 -31.204
-8.982 11.264 -31.393
-8.672 10.357 -35.1

-6.282 10.744 -38.079
-6.98 13.557 -40.6
-9.895 13.022 -43.051

-11.208 15.853 -45.293
-14.92 14.856 -45.011
-14.611 14.37 -41.226
-13.015 17.857 -40.827
-15.875 19.254 -42.999
-18.403 17.482 -40.669
-16.559 18.759 -37.515
-16.844 22.341 -38.957

-20.697 21.797 -39.029
-20.861 21.033 -35.24
-22.116 23.933 -33.104
-20.016 23.255 -29.939
-16.791 22.621 -31.971

-13.393 23.436 -30.391
-10.011 22.816 -32.063
-6.805 22.812 -29.99

-3.883 23.919 -32.209
-1.328 22.314 -29.773
-2.753 18.736 -29.691
-4.334 19.137 -33.217

-7.578 17.622 -31.79
-11.313 18.386 -31.995
-13.683 18.544 -28.991
-17.466 19.001 -28.65
-20.131 19.402 -25.91

-21.257 16.038 -24.476
-24.923 16.743 -25.497
-23.731 16.722 -29.178
-22.178 13.179 -28.839
-25.228 11.354 -30.322
-25.57 14.044 -33.093
-21.852 13.682 -34.021
-21.815 9.829 -34.037
-25.045 9.774 -36.128
-23.507 12.176 -38.75
-20.093 10.348 -38.803

-21.793 6.948 -39.527
-22.962 8.546 -42.834
-19.328 9.196 -43.991
-17.677 6.563 -46.261
-14.251 5.2 -45.121

-14.46 6.789 -41.562
-14.765 4.819 -38.279
-15.142 6.964 -35.114
-15.663 4.659 -32.101

-16.9415 2.37963 -29.2222
-18.1891 0.201519 -26.4966
-19.4859 -2.00232 -23.6939

-19.7082 -5.79525 -23.6091
-22.2229 -5.68083 -20.762
-24.3779 -3.17453 -22.6374
-24.3561 -5.34417 -25.7575
-25.3935 -8.40314 -23.7552
-28.2674 -6.5004 -22.1542

-30.1296 -3.24588 -22.9737
-31.0639 0.252127 -22.1239
-31.2904 4.00074 -22.1752

-30.0239 5.54357 -18.9412
-28.6701 2.19462 -17.7603
-26.8546 1.65718 -21.0555

-26.2376 5.31218 -19.9435
-25.7456 8.16618 -22.4835
-24.7176 10.3132 -19.4425
-21.5976 10.7162 -17.2545
-23.2536 10.1402 -13.8685
-20.4186 9.09718 -11.5265
-20.9546 5.86518 -9.48046
-24.4426 5.90218 -7.84046
-24.0216 6.71818 -4.13446
-23.8016 3.54218 -2.05246
-27.0376 3.50918 0.033542
-26.4996 3.45618 3.80954
-27.5286 0.0611821 5.19654
-29.9506 -0.239818 8.12154
-27.6126 -1.63882 10.8285
-30.3006 -1.47082 13.6405
-30.3826 -5.33082 13.7765
-26.5436 -5.34082 14.3075
-25.0436 -5.18382 17.8225

-24.7436 -1.41582 18.7665
-21.2146 -1.98082 20.2245
-20.0196 -3.02082 16.7205
-21.9546 -0.304818 14.7835
-20.6256 2.51818 17.0735

-16.9616 1.33018 16.7145
-16.9106 1.33218 12.8485
-14.6686 4.09718 11.4395

-16.3296 6.20218 8.61654
-14.4546 4.29318 5.84954
-15.2876 0.912182 7.51954
-19.0196 1.91718 7.53054
-18.7856 2.82818 3.80054
-17.1666 -0.634818 3.19954
-20.0116 -2.41482 5.09754
-22.5866 -0.405818 3.04454
-20.7786 -1.32482 -0.250458
-20.6536 -5.03082 0.738542
-24.4196 -4.99882 1.58154
-25.2476 -3.14682 -1.71146

-23.1966 -5.84482 -3.61846
-25.4376 -8.44182 -1.81646
-22.7356 -9.78982 0.583542

-20.5756 -11.1368 -2.32046
-17.1796 -9.37182 -2.38346
-13.4326 -9.47782 -1.86746
-12.5186 -6.94882 0.874542

-8.91757 -6.29482 -0.274458
-8.35857 -3.30082 2.07854
-4.72757 -2.88482 3.23054
-3.27157 -4.77482 6.25154
-4.58457 -3.53382 9.63754
-7.45657 -1.32082 8.22754
-9.92957 -3.50882 10.2615

-11.0676 -6.13582 7.68454
-12.2356 -8.40882 10.5875
-14.5866 -5.77582 12.1695
-16.0996 -4.98382 8.70754
-16.5056 -8.75182 7.94354
-18.2436 -9.44782 11.3145
-20.6386 -6.49382 10.6515
-21.4706 -7.63482 7.04854
-22.0696 -11.2128 8.31654
-24.1786 -9.96982 11.3145
-26.4506 -7.95882 8.93154
-27.1236 -11.4318 7.36054
-27.6076 -13.1968 10.8345
-31.1096 -14.3468 9.62354

-29.2736 -16.4458 6.91554
-26.8496 -18.3578 9.26354
-25.2046 -20.9028 10.0235

-21.9976 -18.9378 9.34154
-18.7746 -20.6268 8.12254
-15.4586 -18.8178 8.85054
-12.3556 -20.2288 7.07654
-9.05257 -18.8468 8.45654

-5.27357 -19.5058 8.83954
-4.63957 -22.3098 11.4205
-3.07957 -19.7948 13.9465
-5.91257 -17.1298 14.0525

-8.98157 -19.3578 14.8565
-9.11857 -18.2428 18.5285
-8.37757 -14.5918 17.4835
-11.5886 -14.7938 15.3595
-13.6376 -16.3868 18.2285
-12.4916 -13.5698 20.5825
-13.3326 -11.0138 17.8225
-16.9456 -12.3788 17.6135
-17.3056 -12.3498 21.4645
-15.8196 -8.78982 21.5765
-18.0466 -7.29482 18.8315

-21.3446 -9.29882 19.0935
-22.0746 -9.53982 22.9095
-25.6116 -10.6988 21.8015
-23.9876 -14.1908 21.2595
-23.2536 -16.7748 23.9705

-19.8556 -18.5938 23.7105
-21.8616 -21.8098 22.9335
-23.0036 -20.1568 19.6445

-19.3146 -20.3058 18.4295
-17.7286 -23.6138 17.3415
-13.9046 -23.5308 16.9345

-12.9256 -26.6058 14.8885
-9.53957 -27.7928 16.2255
-9.42457 -31.3268 14.6665
-10.6286 -33.2888 11.5885
-12.9926 -35.3098 13.9235
-15.0116 -32.2978 15.1705
-18.5756 -31.4068 14.0125
-18.2986 -28.4628 11.5545
-22.0396 -27.5918 12.1265
-22.1426 -27.6558 15.9805
-22.3316 -23.8218 16.3895
-24.3036 -20.9558 14.8485

-20.8116 -19.6298 13.8915
-18.2886 -22.3228 12.8185
-14.5596 -21.3878 12.6565
-12.2326 -23.7918 10.7405
-8.75257 -23.7848 9.14454

-7.88157 -24.2298 5.43054
-5.98057 -27.4988 6.22854
-9.05657 -29.0358 7.96654
-11.5236 -28.2588 5.07554

-10.1496 -31.2048 2.99354
-10.5106 -33.5628 6.03654
-14.0666 -32.2298 6.69854
-15.2376 -32.3048 2.99254
-17.9546 -34.9048 3.89754
-19.4666 -32.3258 6.36554
-19.1786 -29.3838 3.84254
-22.2946 -30.9228 2.13154
-24.4116 -28.9408 4.67854
-25.3176 -25.6268 2.90554
-23.5906 -22.7248 4.69554
-25.4596 -19.7048 3.21354

-22.9276 -17.1668 4.64554
-19.1596 -17.7878 4.28254
-16.2306 -15.6348 5.45554

-12.7406 -16.5998 4.21354
-9.88557 -14.7268 5.91254
-6.56457 -14.3548 4.00454

-8.28957 -15.8418 0.884542
-4.98857 -15.6968 -1.11446
-4.47557 -19.2318 0.397542
-6.99757 -20.3558 -2.32246

-4.78157 -18.9258 -5.20046
-4.08457 -22.3988 -6.75746
-7.13657 -24.4728 -7.88246
-5.21757 -27.8378 -7.78446
-4.60957 -27.6058 -3.98546

-6.77457 -29.7588 -1.65446
-7.79157 -26.6118 0.366542
-9.05557 -24.8988 -2.83946
-10.8096 -28.0828 -4.15246
-12.6846 -28.3948 -0.794458
-13.5366 -24.6268 -0.478458
-14.6886 -23.8428 -4.07146
-17.9236 -26.0128 -4.14946
-19.1846 -24.2758 -0.945458
-18.2276 -20.7618 -2.21046
-20.1166 -21.3158 -5.53246

-23.3716 -22.4168 -3.72246
-23.2956 -20.1338 -0.611458
-25.5956 -17.0318 -0.850458

-23.0496 -14.6058 0.749542
-19.2426 -14.8368 0.224542
-16.9926 -12.4128 2.14354
-13.3686 -12.9468 1.03054
-10.6506 -11.0108 2.94154

-6.96257 -10.4248 2.03454
-4.22157 -7.77782 2.42654
-2.51357 -9.18882 -0.683458
-5.22557 -10.7118 -2.97846
-2.48657 -11.5108 -5.49146
0.932433 -12.4458 -4.02346
2.95543 -12.2168 -7.30246
0.816433 -12.6748 -10.5105

-2.70957 -12.0778 -12.0305
-3.36857 -15.8858 -12.2475
-3.62557 -16.0078 -8.36946
-6.84257 -13.8598 -8.52546
-8.85157 -16.3358 -10.6745
-10.1276 -18.5158 -7.76046
-11.2046 -15.3818 -5.78946
-12.9616 -13.8958 -8.90446
-14.9826 -17.1278 -9.52246
-15.7686 -17.4158 -5.76046
-17.3276 -13.8728 -5.74246

-18.8306 -14.1438 -9.31846
-19.2156 -17.8598 -10.4035
-20.3956 -16.7408 -13.9265
-17.1586 -14.7798 -14.6545
-14.5606 -16.7258 -16.7385
-16.1236 -20.2748 -16.3755
-12.7996 -21.7068 -17.7175

-9.32457 -20.5088 -16.5755
-7.94257 -20.5118 -20.1785
-10.0896 -17.4568 -21.1765
-8.78857 -15.5208 -18.1055
-5.18857 -16.6888 -18.8145
-5.25157 -15.6518 -22.5305
-6.46157 -12.1238 -21.5765
-4.62657 -11.3098 -18.2885

-1.73357 -13.8408 -17.9105
-0.0745672 -13.3578 -21.3885
-0.722567 -17.0668 -22.0045

1.85443 -18.7138 -24.3355
1.60543 -22.0618 -26.1775

4.88543 -23.9048 -25.4205
5.88143 -27.3868 -26.8485
4.83143 -28.9538 -23.4615

1.47543 -27.0608 -23.0545
0.311433 -23.5778 -21.9605
2.40143 -21.1528 -19.8785

0.390433 -18.6818 -17.6845
3.32143 -17.0658 -15.7255
2.99043 -13.7388 -17.6185
0.771433 -10.6518 -17.2725
-1.35657 -8.59182 -19.7115
-4.11157 -5.89682 -19.7895

-3.65157 -5.17982 -16.0145
-5.48257 -1.78182 -16.1135
-8.58257 -3.55782 -17.5705
-8.25757 -6.27182 -14.8665
-8.07657 -3.50382 -12.1735
-11.2846 -1.86582 -13.5425
-13.1176 -5.26082 -13.6515
-12.0056 -6.08382 -10.0645
-13.0646 -2.68582 -8.57746
-16.4666 -2.63582 -10.3905
-17.6436 -6.24482 -9.85546
-15.4126 -8.24682 -7.38946

-13.2796 -6.18882 -5.00546
-13.3376 -3.29482 -2.53446
-9.73457 -2.05282 -2.00146
-8.42757 0.948182 -0.012458
-4.85257 1.78318 0.961542

-3.32657 3.26718 4.18954
-2.71557 6.47118 2.16754
-6.47057 6.72018 1.26754
-7.91057 6.35018 4.82754

-5.09957 6.84518 7.44954
-3.13857 10.0802 6.61854
-1.72457 9.84318 10.2185
0.280433 6.57518 9.80254
4.07943 7.26918 9.78754
5.83243 6.53518 6.46354

7.48843 3.16518 5.72054
11.1044 4.01318 4.74254
12.6414 1.12318 2.74054
16.3204 0.625182 1.79354
18.6824 -1.98382 0.391542
21.7234 -2.67882 2.63254

24.5424 -4.23282 0.577542
26.3224 -6.43382 3.16854
30.0374 -6.61482 2.35854

31.0214 -9.84582 0.435542
34.6364 -9.37482 1.76354

33.5984 -11.5668 4.78554
32.5574 -14.3558 2.30054
35.6954 -16.5368 2.36654

37.2014 -17.8098 -0.931458
35.8894 -21.4278 -0.390458
32.2674 -20.2298 0.160542
32.5444 -17.8998 -2.90046
33.9734 -20.7448 -5.05246
31.0354 -22.9618 -3.86746
28.4894 -20.2268 -4.86546
30.2864 -19.8288 -8.25546
30.1994 -23.6548 -8.68646
26.4264 -23.9638 -7.93846
25.7384 -20.9118 -10.2065
27.6934 -22.5878 -13.0935
25.9194 -25.9008 -12.3025
22.4224 -24.3488 -12.8865
23.5134 -23.0178 -16.3575

24.9934 -26.3478 -17.6095
23.1634 -27.4458 -20.8145
23.3044 -31.2258 -20.2795
21.4334 -31.3868 -16.8945
17.8604 -32.6148 -16.3875

15.0644 -30.2278 -15.2335
15.3834 -31.8898 -11.7705
19.2054 -31.4308 -11.4815
18.6544 -27.7288 -12.4525
16.0654 -27.3758 -9.57746
18.4334 -29.1958 -7.14046
21.3824 -26.9038 -8.09746
19.0314 -23.8658 -7.64146
18.0164 -25.0678 -4.11746
21.7314 -25.6488 -3.31046
22.7014 -22.1278 -4.58246
19.8744 -20.5888 -2.46746
20.8294 -22.5378 0.730542
24.5624 -21.6208 0.163542
23.5124 -17.9308 -0.196458
21.8614 -18.1198 3.26354
25.0214 -19.7008 4.83254
27.3214 -17.1398 3.10454
25.3224 -14.1658 4.55054
25.2694 -15.3618 8.24854
28.5564 -13.6088 9.38554
27.6194 -10.1758 7.91354
23.9344 -10.5308 8.95354
25.2754 -11.0788 12.5245
27.7474 -8.13582 12.1375
24.8204 -5.88482 11.0545
22.5084 -7.03682 13.9445
25.3134 -6.26882 16.4555
25.9674 -2.81882 14.8305
22.2184 -2.02182 15.3065
22.3454 -3.03282 19.0315
25.6704 -1.16782 19.6215

24.0124 1.91118 17.9385
21.5324 1.89618 20.9125
18.3634 0.599182 19.1215
15.6694 -0.353818 21.6495
13.4164 -2.70282 19.5255

13.6354 -4.29782 16.0445
12.4674 -7.37382 14.0735
14.8374 -9.73582 12.1985
13.2514 -11.8028 9.39454

14.8724 -14.9578 7.92354
13.4904 -18.2588 6.44654
16.3684 -20.8028 6.50154

16.4994 -22.4868 9.95454
20.3624 -22.2848 10.0125
20.1324 -18.4278 9.77054
17.5294 -18.2428 12.6145
19.6904 -20.6778 14.7005
22.9554 -18.6958 14.1465
21.2784 -15.3168 14.9925
19.7254 -16.7458 18.2315
23.0614 -18.3788 19.2615
25.0034 -15.0758 18.8415
22.3174 -13.0628 20.7495
22.5354 -15.6538 23.6145
26.3974 -15.4298 23.4995

26.1094 -11.5748 23.7555
23.4414 -12.0068 26.5565
20.8634 -10.0468 24.4545
17.2594 -10.7338 25.5235

15.2564 -11.7248 22.4125
12.1714 -13.6928 21.2465
12.0934 -16.4098 18.5305
9.09143 -17.5108 16.3865

9.35743 -20.2328 13.6885
7.52443 -23.3288 12.2745
8.10243 -25.2458 15.5835
6.66843 -22.4968 17.8995
3.15543 -23.5018 19.0885
-0.00756718 -21.4058 18.4325
-0.380567 -20.2978 22.1205

3.37743 -19.6558 22.7075
3.36843 -17.4308 19.5405
0.807433 -15.0988 21.2045
2.65643 -15.1538 24.5885
6.09243 -14.3658 22.9805
4.35143 -11.5968 20.9575
3.01743 -10.1088 24.2575
6.49443 -10.4918 25.9105
8.14243 -8.47582 23.0425
5.29443 -5.87582 23.0925
5.22043 -5.31182 26.9035

8.85343 -5.97482 28.0375
11.4374 -3.19282 27.3515
14.2404 -5.82082 27.8015
13.4294 -7.82482 24.6235
15.3984 -5.84382 22.0025

15.2564 -8.36782 19.0895
12.4964 -10.5388 17.6105
13.9584 -13.4008 15.4805
11.1024 -14.3108 13.1075
10.5284 -16.8388 10.3195

9.21643 -14.9428 7.21854
6.78743 -17.8528 6.50954
5.72443 -18.7018 10.1065
5.23743 -15.1078 11.4735
3.51543 -13.5788 8.34054
0.0544328 -14.0528 10.0285
-1.94357 -13.0968 13.1795
0.823433 -11.3308 15.1745
1.27243 -7.55882 15.8595
4.72543 -6.01582 16.5685
3.88843 -2.28082 17.0145
6.59843 -1.94882 19.7675
9.38243 -2.01382 17.0945
10.2664 0.791182 14.5975

12.7134 -1.28582 12.4555
12.4044 -4.44982 10.3135
15.5714 -6.21682 9.02854
15.1944 -8.84982 6.28454

18.3544 -10.9728 6.72854
17.1454 -12.9928 3.69754
15.1344 -12.1898 0.549542
11.9414 -14.1548 -0.246458
10.8554 -14.7088 -3.91346
7.20943 -13.7368 -3.16846

6.66943 -9.95982 -2.52046
3.19643 -10.5078 -0.957458
4.89743 -12.3748 1.96254
7.51643 -9.57882 2.37754
4.67943 -6.95082 2.53154
2.79943 -9.19082 5.06654
5.97743 -9.19782 7.24654
6.45143 -5.34682 7.01454

2.75343 -4.87182 8.03254
3.42743 -6.71882 11.3165
5.04843 -3.43882 12.5815
3.11643 -0.916818 10.4365
-0.267567 -1.40982 12.2605
-2.80757 0.764182 14.1435
-0.883567 1.70618 17.3405
2.42443 2.47818 15.5185
3.65343 6.07818 16.2325
7.17543 6.00918 14.6195
8.27843 5.97218 10.9335

8.90043 2.29118 10.1105
12.3904 1.47018 8.77854
12.6524 -1.58082 6.44354
16.2134 -2.83282 5.70254
16.7174 -5.51682 2.99054
20.1374 -7.21182 3.49854
21.6704 -8.22782 0.095542

25.0594 -9.72782 -0.926458
26.7604 -9.20882 -4.35546
27.8664 -12.5738 -5.87946
24.8434 -14.5488 -4.46146
21.1714 -15.5488 -5.08746

20.1594 -11.9648 -4.00846
21.4784 -10.6208 -7.39246
18.6984 -12.6288 -9.20246
15.9994 -12.5518 -6.46846
15.9634 -8.73782 -6.04846
15.1524 -7.89582 -9.76246
12.5674 -10.7828 -9.71246
10.8584 -9.34582 -6.56846
10.8714 -5.83282 -8.18546
9.17843 -6.91582 -11.4675
6.57743 -8.84082 -9.35246
5.73543 -5.70582 -7.23346
5.37543 -3.71382 -10.5055
2.90243 -6.35882 -11.8705
0.980433 -6.09282 -8.53846
0.995433 -2.22882 -8.70246
-0.231567 -2.14482 -12.3725

-3.10457 -4.46682 -11.2555
-3.90457 -1.92482 -8.41046
-2.82857 -4.52582 -5.76646
0.191433 -2.61882 -4.29046
1.36643 0.996182 -3.71846
4.82443 -0.442818 -2.98346
7.29843 0.693182 -5.62846
10.7384 -0.978818 -5.15546
12.6234 0.827182 -8.04446

13.6294 3.91618 -5.96246
15.6774 1.72718 -3.51946
18.0244 0.410182 -6.29846
18.8754 3.80718 -7.85746

20.1404 4.76618 -4.32746
22.6254 1.79318 -3.90446

End chain 1
