-13.201 -6.296 -53.957
-10.703 -3.406 -53.291
-9.54 -3.087 -49.639
-11.02 0.322 -48.639
-8.614 1.85 -46.053
-10.787 3.126 -43.162

-9.634 6.195 -41.181
-10.061 4.9 -37.589
-10.286 6.838 -34.306
-12.195 7.103 -30.979
-14.163 9.439 -28.711
-12.619 10.223 -25.263
-14.157 12.207 -22.344

-11.943 15.248 -21.466
-14.301 16.978 -18.949
-17.827 16.65 -17.399
-19.139 18.761 -20.353

-16.752 17.96 -23.312
-15.482 14.956 -25.281
-12.62 14.751 -27.824
-12.437 12.939 -31.204
-8.982 11.264 -31.393
-8.672 10.357 -35.1

-6.282 10.744 -38.079
-6.98 13.557 -40.6
-9.895 13.022 -43.051

-11.208 15.853 -45.293
-14.92 14.856 -45.011
-14.611 14.37 -41.226
-13.015 17.857 -40.827
-15.875 19.254 -42.999
-18.403 17.482 -40.669
-16.559 18.759 -37.515
-16.844 22.341 -38.957

-20.697 21.797 -39.029
-20.861 21.033 -35.24
-22.116 23.933 -33.104
-20.016 23.255 -29.939
-16.791 22.621 -31.971

-13.393 23.436 -30.391
-10.011 22.816 -32.063
-6.805 22.812 -29.99

-3.883 23.919 -32.209
-1.328 22.314 -29.773
-2.753 18.736 -29.691
-4.334 19.137 -33.217

-7.578 17.622 -31.79
-11.313 18.386 -31.995
-13.683 18.544 -28.991
-17.466 19.001 -28.65
-20.131 19.402 -25.91

-21.257 16.038 -24.476
-24.923 16.743 -25.497
-23.731 16.722 -29.178
-22.178 13.179 -28.839
-25.228 11.354 -30.322
-25.57 14.044 -33.093
-21.852 13.682 -34.021
-21.815 9.829 -34.037
-25.045 9.774 -36.128
-23.507 12.176 -38.75
-20.093 10.348 -38.803

-21.793 6.948 -39.527
-22.962 8.546 -42.834
-19.328 9.196 -43.991
-17.677 6.563 -46.261
-14.251 5.2 -45.121

-14.46 6.789 -41.562
-14.765 4.819 -38.279
-15.142 6.964 -35.114
-15.663 4.659 -32.101

-15.1652 3.928 -28.3517
-14.8287 3.844 -24.4833
-14.357 3.73173 -20.696

-17.2049 1.70617 -19.2028
-17.9858 4.46326 -16.7065
-18.0643 7.07372 -19.4673
-20.4355 4.94864 -21.542
-22.7724 4.4919 -18.58
-22.8276 8.23459 -17.9227

-23.788 11.7054 -19.349
-23.4694 15.3165 -18.348
-26.0517 17.8722 -17.2589

-26.7129 20.5639 -19.8589
-25.2705 23.2481 -17.588
-22.134 21.1886 -16.9845

-21.517 24.8436 -15.8725
-21.025 27.6976 -18.4125
-19.997 29.8446 -15.3715
-16.877 30.2476 -13.1835
-18.533 29.6716 -9.79746
-15.698 28.6286 -7.45546
-16.234 25.3966 -5.40946
-19.722 25.4336 -3.76946
-19.301 26.2496 -0.0634647
-19.081 23.0736 2.01854
-22.317 23.0406 4.10454
-21.779 22.9876 7.88054
-22.808 19.5926 9.26754
-25.23 19.2916 12.1925
-22.892 17.8926 14.8995
-25.58 18.0606 17.7115
-25.662 14.2006 17.8475
-21.823 14.1906 18.3785
-20.323 14.3476 21.8935

-20.023 18.1156 22.8375
-16.494 17.5506 24.2955
-15.299 16.5106 20.7915
-17.234 19.2266 18.8545
-15.905 22.0496 21.1445

-12.241 20.8616 20.7855
-12.19 20.8636 16.9195
-9.94802 23.6286 15.5105

-11.609 25.7336 12.6875
-9.73402 23.8246 9.92054
-10.567 20.4436 11.5905
-14.299 21.4486 11.6015
-14.065 22.3596 7.87154
-12.446 18.8966 7.27054
-15.291 17.1166 9.16854
-17.866 19.1256 7.11554
-16.058 18.2066 3.82054
-15.933 14.5006 4.80954
-19.699 14.5326 5.65254
-20.527 16.3846 2.35954

-18.476 13.6866 0.452535
-20.717 11.0896 2.25454
-18.015 9.74162 4.65454

-15.855 8.39462 1.75054
-12.459 10.1596 1.68754
-8.71202 10.0536 2.20354
-7.79802 12.5826 4.94554

-4.19702 13.2366 3.79654
-3.63802 16.2306 6.14954
-0.00701778 16.6466 7.30154
1.44898 14.7566 10.3225
0.135982 15.9976 13.7085
-2.73602 18.2106 12.2985
-5.20902 16.0226 14.3325

-6.34702 13.3956 11.7555
-7.51502 11.1226 14.6585
-9.86602 13.7556 16.2405
-11.379 14.5476 12.7785
-11.785 10.7796 12.0145
-13.523 10.0836 15.3855
-15.918 13.0376 14.7225
-16.75 11.8966 11.1195
-17.349 8.31862 12.3875
-19.458 9.56162 15.3855
-21.73 11.5726 13.0025
-22.403 8.09962 11.4315
-22.887 6.33462 14.9055
-26.389 5.18462 13.6945

-24.553 3.08562 10.9865
-22.129 1.17362 13.3345
-20.484 -1.37138 14.0945

-17.277 0.593622 13.4125
-14.054 -1.09538 12.1935
-10.738 0.713622 12.9215
-7.63502 -0.697378 11.1475
-4.33202 0.684622 12.5275

-0.553018 0.0256225 12.9105
0.0809822 -2.77838 15.4915
1.64098 -0.263378 18.0175
-1.19202 2.40162 18.1235

-4.26102 0.173622 18.9275
-4.39802 1.28862 22.5995
-3.65702 4.93962 21.5545
-6.86802 4.73762 19.4305
-8.91702 3.14462 22.2995
-7.77102 5.96162 24.6535
-8.61202 8.51762 21.8935
-12.225 7.15262 21.6845
-12.585 7.18162 25.5355
-11.099 10.7416 25.6475
-13.326 12.2366 22.9025

-16.624 10.2326 23.1645
-17.354 9.99162 26.9805
-20.891 8.83262 25.8725
-19.267 5.34062 25.3305
-18.533 2.75662 28.0415

-15.135 0.937622 27.7815
-17.141 -2.27838 27.0045
-18.283 -0.625378 23.7155

-14.594 -0.774378 22.5005
-13.008 -4.08238 21.4125
-9.18402 -3.99938 21.0055

-8.20502 -7.07438 18.9595
-4.81902 -8.26138 20.2965
-4.70402 -11.7954 18.7375
-5.90802 -13.7574 15.6595
-8.27202 -15.7784 17.9945
-10.291 -12.7664 19.2415
-13.855 -11.8754 18.0835
-13.578 -8.93138 15.6255
-17.319 -8.06038 16.1975
-17.422 -8.12438 20.0515
-17.611 -4.29038 20.4605
-19.583 -1.42438 18.9195

-16.091 -0.0983775 17.9625
-13.568 -2.79138 16.8895
-9.83902 -1.85638 16.7275
-7.51202 -4.26038 14.8115
-4.03202 -4.25338 13.2155

-3.16102 -4.69838 9.50154
-1.26002 -7.96738 10.2995
-4.33602 -9.50438 12.0375
-6.80302 -8.72738 9.14654

-5.42902 -11.6734 7.06454
-5.79002 -14.0314 10.1075
-9.34602 -12.6984 10.7695
-10.517 -12.7734 7.06354
-13.234 -15.3734 7.96854
-14.746 -12.7944 10.4365
-14.458 -9.85238 7.91354
-17.574 -11.3914 6.20254
-19.691 -9.40938 8.74954
-20.597 -6.09538 6.97654
-18.87 -3.19338 8.76654
-20.739 -0.173378 7.28454

-18.207 2.36462 8.71654
-14.439 1.74362 8.35354
-11.51 3.89662 9.52654

-8.02002 2.93162 8.28454
-5.16502 4.80462 9.98354
-1.84402 5.17662 8.07554

-3.56902 3.68962 4.95554
-0.268018 3.83462 2.95654
0.244982 0.299622 4.46854
-2.27702 -0.824378 1.74854

-0.0610178 0.605622 -1.12946
0.635982 -2.86738 -2.68646
-2.41602 -4.94138 -3.81146
-0.497018 -8.30638 -3.71346
0.110982 -8.07438 0.0855353

-2.05402 -10.2274 2.41654
-3.07102 -7.08038 4.43754
-4.33502 -5.36738 1.23154
-6.08902 -8.55138 -0.0814647
-7.96402 -8.86338 3.27654
-8.81602 -5.09538 3.59254
-9.96802 -4.31138 -0.00046468
-13.203 -6.48138 -0.0784647
-14.464 -4.74438 3.12554
-13.507 -1.23038 1.86054
-15.396 -1.78438 -1.46146

-18.651 -2.88538 0.348535
-18.575 -0.602378 3.45954
-20.875 2.49962 3.22054

-18.329 4.92562 4.82054
-14.522 4.69462 4.29554
-12.272 7.11862 6.21454
-8.64802 6.58462 5.10154
-5.93002 8.52062 7.01254

-2.24202 9.10662 6.10554
0.498982 11.7536 6.49754
2.20698 10.3426 3.38754
-0.505018 8.81962 1.09254
2.23398 8.02062 -1.42046
5.65298 7.08562 0.0475353
7.67598 7.31462 -3.23146
5.53698 6.85662 -6.43946

2.01098 7.45362 -7.95946
1.35198 3.64562 -8.17646
1.09498 3.52362 -4.29846
-2.12202 5.67162 -4.45446
-4.13102 3.19562 -6.60346
-5.40702 1.01562 -3.68946
-6.48402 4.14962 -1.71846
-8.24102 5.63562 -4.83346
-10.262 2.40362 -5.45146
-11.048 2.11562 -1.68946
-12.607 5.65862 -1.67146

-14.11 5.38762 -5.24746
-14.495 1.67162 -6.33246
-15.675 2.79062 -9.85546
-12.438 4.75162 -10.5835
-9.84002 2.80562 -12.6675
-11.403 -0.743378 -12.3045
-8.07902 -2.17538 -13.6465

-4.60402 -0.977378 -12.5045
-3.22202 -0.980378 -16.1075
-5.36902 2.07462 -17.1055
-4.06802 4.01062 -14.0345
-0.468018 2.84262 -14.7435
-0.531018 3.87962 -18.4595
-1.74102 7.40762 -17.5055
0.0939822 8.22162 -14.2175

2.98698 5.69062 -13.8395
4.64598 6.17362 -17.3175
3.99798 2.46462 -17.9335

6.57498 0.817622 -20.2645
6.32598 -2.53038 -22.1065

9.60598 -4.37338 -21.3495
10.602 -7.85538 -22.7775
9.55198 -9.42238 -19.3905

6.19598 -7.52938 -18.9835
5.03198 -4.04638 -17.8895
7.12198 -1.62138 -15.8075

5.11098 0.849622 -13.6135
8.04198 2.46562 -11.6545
7.71098 5.79262 -13.5475
5.49198 8.87962 -13.2015
3.36398 10.9396 -15.6405
0.608982 13.6346 -15.7185

1.06898 14.3516 -11.9435
-0.762018 17.7496 -12.0425
-3.86202 15.9736 -13.4995
-3.53702 13.2596 -10.7955
-3.35602 16.0276 -8.10246
-6.56402 17.6656 -9.47146
-8.39702 14.2706 -9.58046
-7.28502 13.4476 -5.99346
-8.34402 16.8456 -4.50646
-11.746 16.8956 -6.31946
-12.923 13.2866 -5.78446
-10.692 11.2846 -3.31846

-8.55902 13.3426 -0.934465
-8.61702 16.2366 1.53654
-5.01402 17.4786 2.06954
-3.70702 20.4796 4.05854
-0.132018 21.3146 5.03254

1.39398 22.7986 8.26054
2.00498 26.0026 6.23854
-1.75002 26.2516 5.33854
-3.19002 25.8816 8.89854

-0.379018 26.3766 11.5205
1.58198 29.6116 10.6895
2.99598 29.3746 14.2895
5.00098 26.1066 13.8735
8.79998 26.8006 13.8585
10.553 26.0666 10.5345

12.209 22.6966 9.79154
15.825 23.5446 8.81354
17.362 20.6546 6.81154
21.041 20.1566 5.86454
23.403 17.5476 4.46254
26.444 16.8526 6.70354

29.263 15.2986 4.64854
31.043 13.0976 7.23954
34.758 12.9166 6.42954

35.742 9.68562 4.50654
39.357 10.1566 5.83454

38.319 7.96462 8.85654
37.278 5.17562 6.37154
40.416 2.99462 6.43754

41.922 1.72162 3.13954
40.61 -1.89638 3.68054
36.988 -0.698378 4.23154
37.265 1.63162 1.17054
38.694 -1.21338 -0.981465
35.756 -3.43038 0.203535
33.21 -0.695378 -0.794465
35.007 -0.297378 -4.18446
34.92 -4.12338 -4.61546
31.147 -4.43238 -3.86746
30.459 -1.38038 -6.13546
32.414 -3.05638 -9.02246
30.64 -6.36938 -8.23146
27.143 -4.81738 -8.81546
28.234 -3.48638 -12.2865

29.714 -6.81638 -13.5385
27.884 -7.91438 -16.7435
28.025 -11.6944 -16.2085
26.154 -11.8554 -12.8235
22.581 -13.0834 -12.3165

19.785 -10.6964 -11.1625
20.104 -12.3584 -7.69946
23.926 -11.8994 -7.41046
23.375 -8.19738 -8.38146
20.786 -7.84438 -5.50646
23.154 -9.66438 -3.06946
26.103 -7.37238 -4.02646
23.752 -4.33438 -3.57046
22.737 -5.53638 -0.0464647
26.452 -6.11738 0.760535
27.422 -2.59638 -0.511465
24.595 -1.05738 1.60354
25.55 -3.00638 4.80154
29.283 -2.08938 4.23454
28.233 1.60062 3.87454
26.582 1.41162 7.33454
29.742 -0.169378 8.90354
32.042 2.39162 7.17554
30.043 5.36562 8.62154
29.99 4.16962 12.3195
33.277 5.92262 13.4565
32.34 9.35562 11.9845
28.655 9.00062 13.0245
29.996 8.45262 16.5955
32.468 11.3956 16.2085
29.541 13.6466 15.1255
27.229 12.4946 18.0155
30.034 13.2626 20.5265
30.688 16.7126 18.9015
26.939 17.5096 19.3775
27.066 16.4986 23.1025
30.391 18.3636 23.6925

28.733 21.4426 22.0095
26.253 21.4276 24.9835
23.084 20.1306 23.1925
20.39 19.1776 25.7205
18.137 16.8286 23.5965

18.356 15.2336 20.1155
17.188 12.1576 18.1445
19.558 9.79562 16.2695
17.972 7.72862 13.4655

19.593 4.57362 11.9945
18.211 1.27262 10.5175
21.089 -1.27138 10.5725

21.22 -2.95538 14.0255
25.083 -2.75338 14.0835
24.853 1.10362 13.8415
22.25 1.28862 16.6855
24.411 -1.14638 18.7715
27.676 0.835622 18.2175
25.999 4.21462 19.0635
24.446 2.78562 22.3025
27.782 1.15262 23.3325
29.724 4.45562 22.9125
27.038 6.46862 24.8205
27.256 3.87762 27.6855
31.118 4.10162 27.5705

30.83 7.95662 27.8265
28.162 7.52462 30.6275
25.584 9.48462 28.5255
21.98 8.79762 29.5945

19.977 7.80662 26.4835
16.892 5.83862 25.3175
16.814 3.12162 22.6015
13.812 2.02062 20.4575

14.078 -0.701378 17.7595
12.245 -3.79738 16.3455
12.823 -5.71438 19.6545
11.389 -2.96538 21.9705
7.87598 -3.97038 23.1595
4.71298 -1.87438 22.5035
4.33998 -0.766378 26.1915

8.09798 -0.124378 26.7785
8.08898 2.10062 23.6115
5.52798 4.43262 25.2755
7.37698 4.37762 28.6595
10.813 5.16562 27.0515
9.07198 7.93462 25.0285
7.73798 9.42262 28.3285
11.215 9.03962 29.9815
12.863 11.0556 27.1135
10.015 13.6556 27.1635
9.94098 14.2196 30.9745

13.574 13.5566 32.1085
16.158 16.3386 31.4225
18.961 13.7106 31.8725
18.15 11.7066 28.6945
20.119 13.6876 26.0735

19.977 11.1636 23.1605
17.217 8.99262 21.6815
18.679 6.13062 19.5515
15.823 5.22062 17.1785
15.249 2.69262 14.3905

13.937 4.58862 11.2895
11.508 1.67862 10.5805
10.445 0.829622 14.1775
9.95798 4.42362 15.5445
8.23598 5.95262 12.4115
4.77498 5.47862 14.0995
2.77698 6.43462 17.2505
5.54398 8.20062 19.2455
5.99298 11.9726 19.9305
9.44598 13.5156 20.6395
8.60898 17.2506 21.0855
11.319 17.5826 23.8385
14.103 17.5176 21.1655
14.987 20.3226 18.6685

17.434 18.2456 16.5265
17.125 15.0816 14.3845
20.292 13.3146 13.0995
19.915 10.6816 10.3555

23.075 8.55862 10.7995
21.866 6.53862 7.76854
19.855 7.34162 4.62054
16.662 5.37662 3.82454
15.576 4.82262 0.157535
11.93 5.79462 0.902535

11.39 9.57162 1.55054
7.91698 9.02362 3.11354
9.61798 7.15662 6.03354
12.237 9.95262 6.44854
9.39998 12.5806 6.60254
7.51998 10.3406 9.13754
10.698 10.3336 11.3175
11.172 14.1846 11.0855

7.47398 14.6596 12.1035
8.14798 12.8126 15.3875
9.76898 16.0926 16.6525
7.83698 18.6146 14.5075
4.45298 18.1216 16.3315
1.91298 20.2956 18.2145
3.83698 21.2376 21.4115
7.14498 22.0096 19.5895
8.37398 25.6096 20.3035
11.896 25.5406 18.6905
12.999 25.5036 15.0045

13.621 21.8226 14.1815
17.111 21.0016 12.8495
17.373 17.9506 10.5145
20.934 16.6986 9.77354
21.438 14.0146 7.06154
24.858 12.3196 7.56954
26.391 11.3036 4.16654

29.78 9.80362 3.14454
31.481 10.3226 -0.284465
32.587 6.95762 -1.80846
29.564 4.98262 -0.390465
25.892 3.98262 -1.01646

24.88 7.56662 0.0625353
26.199 8.91062 -3.32146
23.419 6.90262 -5.13146
20.72 6.97962 -2.39746
20.684 10.7936 -1.97746
19.873 11.6356 -5.69146
17.288 8.74862 -5.64146
15.579 10.1856 -2.49746
15.592 13.6986 -4.11446
13.899 12.6156 -7.39646
11.298 10.6906 -5.28146
10.456 13.8256 -3.16246
10.096 15.8176 -6.43446
7.62298 13.1726 -7.79946
5.70098 13.4386 -4.46746
5.71598 17.3026 -4.63146
4.48898 17.3866 -8.30146

1.61598 15.0646 -7.18446
0.815982 17.6066 -4.33946
1.89198 15.0056 -1.69546
4.91198 16.9126 -0.219465
6.08698 20.5276 0.352535
9.54498 19.0886 1.08754
12.019 20.2246 -1.55746
15.459 18.5526 -1.08446
17.344 20.3586 -3.97346

18.35 23.4476 -1.89146
20.398 21.2586 0.551535
22.745 19.9416 -2.22746
23.596 23.3386 -3.78646

24.861 24.2976 -0.256465
27.346 21.3246 0.166535

End chain 1
