-13.201 -6.296 -53.957
-10.703 -3.406 -53.291
-9.54 -3.087 -49.639
-11.02 0.322 -48.639
-8.614 1.85 -46.053
-10.787 3.126 -43.162

-9.634 6.195 -41.181
-10.061 4.9 -37.589
-10.286 6.838 -34.306
-12.195 7.103 -30.979
-14.163 9.439 -28.711
-12.619 10.223 -25.263
-14.157 12.207 -22.344

-11.943 15.248 -21.466
-14.301 16.978 -18.949
-17.827 16.65 -17.399
-19.139 18.761 -20.353

-16.752 17.96 -23.312
-15.482 14.956 -25.281
-12.62 14.751 -27.824
-12.437 12.939 -31.204
-8.982 11.264 -31.393
-8.672 10.357 -35.1

-6.282 10.744 -38.079
-6.98 13.557 -40.6
-9.895 13.022 -43.051

-11.208 15.853 -45.293
-14.92 14.856 -45.011
-14.611 14.37 -41.226
-13.015 17.857 -40.827
-15.875 19.254 -42.999
-18.403 17.482 -40.669
-16.559 18.759 -37.515
-16.844 22.341 -38.957

-20.697 21.797 -39.029
-20.861 21.033 -35.24
-22.116 23.933 -33.104
-20.016 23.255 -29.939
-16.791 22.621 -31.971

-13.393 23.436 -30.391
-10.011 22.816 -32.063
-6.805 22.812 -29.99

-3.883 23.919 -32.209
-1.328 22.314 -29.773
-2.753 18.736 -29.691
-4.334 19.137 -33.217

-7.578 17.622 -31.79
-11.313 18.386 -31.995
-13.683 18.544 -28.991
-17.466 19.001 -28.65
-20.131 19.402 -25.91

-21.257 16.038 -24.476
-24.923 16.743 -25.497
-23.731 16.722 -29.178
-22.178 13.179 -28.839
-25.228 11.354 -30.322
-25.57 14.044 -33.093
-21.852 13.682 -34.021
-21.815 9.829 -34.037
-25.045 9.774 -36.128
-23.507 12.176 -38.75
-20.093 10.348 -38.803

-21.793 6.948 -39.527
-22.962 8.546 -42.834
-19.328 9.196 -43.991
-17.677 6.563 -46.261
-14.251 5.2 -45.121

-14.46 6.789 -41.562
-14.765 4.819 -38.279
-15.142 6.964 -35.114
-15.663 4.659 -32.101

-15.1652 3.928 -28.3517
-14.8287 3.844 -24.4833
-14.357 3.73173 -20.696

-17.2049 1.70617 -19.2028
-17.9858 4.46326 -16.7065
-18.0643 7.07372 -19.4673
-20.4355 4.94864 -21.542
-22.7724 4.4919 -18.58
-22.8276 8.23459 -17.9227

-23.788 11.7054 -19.349
-23.4694 15.3165 -18.348
-26.0517 17.8722 -17.2589

-26.7129 20.5639 -19.8589
-25.2705 23.2481 -17.588
-22.134 21.1886 -16.9845

-21.517 24.8436 -15.8725
-21.025 27.6976 -18.4125
-19.997 29.8446 -15.3715
-16.877 30.2476 -13.1835
-18.533 29.6716 -9.79746
-15.698 28.6286 -7.45546
-16.234 25.3966 -5.40946
-19.722 25.4336 -3.76946
-19.301 26.2496 -0.0634647
-19.081 23.0736 2.01854
-22.317 23.0406 4.10454
-21.779 22.9876 7.88054
-22.808 19.5926 9.26754
-25.23 19.2916 12.1925
-22.892 17.8926 14.8995
-25.58 18.0606 17.7115
-25.662 14.2006 17.8475
-21.823 14.1906 18.3785
-20.323 14.3476 21.8935

-20.023 18.1156 22.8375
-16.494 17.5506 24.2955
-15.299 16.5106 20.7915
-17.234 19.2266 18.8545
-15.905 22.0496 21.1445

-12.241 20.8616 20.7855
-12.19 20.8636 16.9195
-9.94802 23.6286 15.5105

-11.609 25.7336 12.6875
-9.73402 23.8246 9.92054
-10.567 20.4436 11.5905
-14.299 21.4486 11.6015
-14.065 22.3596 7.87154
-12.446 18.8966 7.27054
-15.291 17.1166 9.16854
-17.866 19.1256 7.11554
-16.058 18.2066 3.82054
-15.933 14.5006 4.80954
-19.699 14.5326 5.65254
-20.527 16.3846 2.35954

-18.2128 13.9549 0.463755
-15.9102 11.4986 -1.21259
-14.4523 8.00293 -2.07207

-10.7338 8.10318 -2.69489
-7.14387 9.58316 -2.56308
-3.63157 8.87022 -1.03468
-0.285526 8.10588 -2.74155

3.31547 8.75988 -3.89055
3.87447 11.7539 -1.53755
7.50547 12.1699 -0.385552
8.96147 10.2799 2.63545
7.64847 11.5209 6.02145
4.77647 13.7339 4.61145
2.30347 11.5459 6.64545

1.16547 8.91888 4.06845
-0.0025256 6.64588 6.97145
-2.35353 9.27888 8.55345
-3.86653 10.0709 5.09145
-4.27253 6.30288 4.32745
-6.01053 5.60688 7.69845
-8.40553 8.56088 7.03545
-9.23753 7.41988 3.43245
-9.83653 3.84188 4.70045
-11.9455 5.08488 7.69845
-14.2175 7.09588 5.31545
-14.8905 3.62288 3.74445
-15.3745 1.85788 7.21845
-18.8765 0.707884 6.00745

-17.0405 -1.39112 3.29945
-14.6165 -3.30312 5.64745
-12.9715 -5.84812 6.40745

-9.76453 -3.88312 5.72545
-6.54153 -5.57212 4.50645
-3.22553 -3.76312 5.23445
-0.122526 -5.17412 3.46045
3.18047 -3.79212 4.84045

6.95947 -4.45112 5.22345
7.59347 -7.25512 7.80445
9.15347 -4.74012 10.3304
6.32047 -2.07512 10.4364

3.25147 -4.30312 11.2404
3.11447 -3.18812 14.9124
3.85547 0.462884 13.8674
0.644474 0.260884 11.7434
-1.40453 -1.33212 14.6124
-0.258526 1.48488 16.9664
-1.09953 4.04088 14.2064
-4.71253 2.67588 13.9974
-5.07253 2.70488 17.8484
-3.58653 6.26488 17.9604
-5.81353 7.75988 15.2154

-9.11153 5.75588 15.4774
-9.84153 5.51488 19.2934
-13.3785 4.35588 18.1854
-11.7545 0.863884 17.6434
-11.0205 -1.72012 20.3544

-7.62253 -3.53912 20.0944
-9.62853 -6.75512 19.3174
-10.7705 -5.10212 16.0284

-7.08153 -5.25112 14.8134
-5.49553 -8.55912 13.7254
-1.67153 -8.47612 13.3184

-0.692526 -11.5511 11.2724
2.69347 -12.7381 12.6094
2.80847 -16.2721 11.0504
1.60447 -18.2341 7.97245
-0.759526 -20.2551 10.3074
-2.77853 -17.2431 11.5544
-6.34253 -16.3521 10.3964
-6.06553 -13.4081 7.93845
-9.80653 -12.5371 8.51045
-9.90953 -12.6011 12.3644
-10.0985 -8.76712 12.7734
-12.0705 -5.90112 11.2324

-8.57853 -4.57512 10.2754
-6.05553 -7.26812 9.20245
-2.32653 -6.33312 9.04045
0.000474401 -8.73712 7.12445
3.48047 -8.73012 5.52845

4.35147 -9.17512 1.81445
6.25247 -12.4441 2.61245
3.17647 -13.9811 4.35045
0.709474 -13.2041 1.45945

2.08347 -16.1501 -0.622552
1.72247 -18.5081 2.42045
-1.83353 -17.1751 3.08245
-3.00453 -17.2501 -0.623552
-5.72153 -19.8501 0.281448
-7.23353 -17.2711 2.74945
-6.94553 -14.3291 0.226448
-10.0615 -15.8681 -1.48455
-12.1785 -13.8861 1.06245
-13.0845 -10.5721 -0.710552
-11.3575 -7.67012 1.07945
-13.2265 -4.65012 -0.402552

-10.6945 -2.11212 1.02945
-6.92653 -2.73312 0.666448
-3.99753 -0.580116 1.83945

-0.507526 -1.54512 0.597448
2.34747 0.327884 2.29645
5.66847 0.699884 0.388448

3.94347 -0.787116 -2.73155
7.24447 -0.642116 -4.73055
7.75747 -4.17712 -3.21855
5.23547 -5.30112 -5.93855

7.45147 -3.87112 -8.81655
8.14847 -7.34412 -10.3736
5.09647 -9.41812 -11.4986
7.01547 -12.7831 -11.4006
7.62347 -12.5511 -7.60155

5.45847 -14.7041 -5.27055
4.44147 -11.5571 -3.24955
3.17747 -9.84412 -6.45555
1.42347 -13.0281 -7.76855
-0.451526 -13.3401 -4.41055
-1.30353 -9.57212 -4.09455
-2.45553 -8.78812 -7.68755
-5.69053 -10.9581 -7.76555
-6.95153 -9.22112 -4.56155
-5.99453 -5.70712 -5.82655
-7.88353 -6.26112 -9.14855

-11.1385 -7.36212 -7.33855
-11.0625 -5.07912 -4.22755
-13.3625 -1.97712 -4.46655

-10.8165 0.448884 -2.86655
-7.00953 0.217884 -3.39155
-4.75953 2.64188 -1.47255
-1.13553 2.10788 -2.58555
1.58247 4.04388 -0.674552

5.27047 4.62988 -1.58155
8.01147 7.27688 -1.18955
9.71947 5.86588 -4.29955
7.00747 4.34288 -6.59455
9.74647 3.54388 -9.10755
13.1655 2.60888 -7.63955
15.1885 2.83788 -10.9186
13.0495 2.37988 -14.1266

9.52347 2.97688 -15.6466
8.86447 -0.831116 -15.8636
8.60747 -0.953116 -11.9856
5.39047 1.19488 -12.1416
3.38147 -1.28112 -14.2906
2.10547 -3.46112 -11.3766
1.02847 -0.327116 -9.40555
-0.728526 1.15888 -12.5206
-2.74953 -2.07312 -13.1386
-3.53553 -2.36112 -9.37655
-5.09453 1.18188 -9.35855

-6.59753 0.910884 -12.9346
-6.98253 -2.80512 -14.0196
-8.16253 -1.68612 -17.5426
-4.92553 0.274884 -18.2706
-2.32753 -1.67112 -20.3546
-3.89053 -5.22012 -19.9916
-0.566526 -6.65212 -21.3336

2.90847 -5.45412 -20.1916
4.29047 -5.45712 -23.7946
2.14347 -2.40212 -24.7926
3.44447 -0.466116 -21.7216
7.04447 -1.63412 -22.4306
6.98147 -0.597116 -26.1466
5.77147 2.93088 -25.1926
7.60647 3.74488 -21.9046

10.4995 1.21388 -21.5266
12.1585 1.69688 -25.0046
11.5105 -2.01212 -25.6206

14.0875 -3.65912 -27.9516
13.8385 -7.00712 -29.7936

17.1185 -8.85012 -29.0366
18.1145 -12.3321 -30.4646
17.0645 -13.8991 -27.0776

13.7085 -12.0061 -26.6706
12.5445 -8.52312 -25.5766
14.6345 -6.09812 -23.4946

12.6235 -3.62712 -21.3006
15.5545 -2.01112 -19.3416
15.2235 1.31588 -21.2346
13.0045 4.40288 -20.8886
10.8765 6.46288 -23.3276
8.12147 9.15788 -23.4056

8.58147 9.87488 -19.6306
6.75047 13.2729 -19.7296
3.65047 11.4969 -21.1866
3.97547 8.78288 -18.4826
4.15647 11.5509 -15.7896
0.948474 13.1889 -17.1586
-0.884526 9.79388 -17.2676
0.227474 8.97088 -13.6806
-0.831526 12.3689 -12.1936
-4.23353 12.4189 -14.0066
-5.41053 8.80988 -13.4716
-3.17953 6.80788 -11.0056

-1.04653 8.86588 -8.62155
-1.10453 11.7599 -6.15055
2.49847 13.0019 -5.61755
3.80547 16.0029 -3.62855
7.38047 16.8379 -2.65455

8.90647 18.3219 0.573448
9.51747 21.5259 -1.44855
5.76247 21.7749 -2.34855
4.32247 21.4049 1.21145

7.13347 21.8999 3.83345
9.09447 25.1349 3.00245
10.5085 24.8979 6.60245
12.5135 21.6299 6.18645
16.3125 22.3239 6.17145
18.0655 21.5899 2.84745

19.7215 18.2199 2.10445
23.3375 19.0679 1.12645
24.8745 16.1779 -0.875552
28.5535 15.6799 -1.82255
30.9155 13.0709 -3.22455
33.9565 12.3759 -0.983552

36.7755 10.8219 -3.03855
38.5555 8.62088 -0.447552
42.2705 8.43988 -1.25755

43.2545 5.20888 -3.18055
46.8695 5.67988 -1.85255

45.8315 3.48788 1.16945
44.7905 0.698884 -1.31555
47.9285 -1.48212 -1.24955

49.4345 -2.75512 -4.54755
48.1225 -6.37312 -4.00655
44.5005 -5.17512 -3.45555
44.7775 -2.84512 -6.51655
46.2065 -5.69012 -8.66855
43.2685 -7.90712 -7.48355
40.7225 -5.17212 -8.48155
42.5195 -4.77412 -11.8716
42.4325 -8.60012 -12.3026
38.6595 -8.90912 -11.5546
37.9715 -5.85712 -13.8226
39.9265 -7.53312 -16.7096
38.1525 -10.8461 -15.9186
34.6555 -9.29412 -16.5026
35.7465 -7.96312 -19.9736

37.2265 -11.2931 -21.2256
35.3965 -12.3911 -24.4306
35.5375 -16.1711 -23.8956
33.6665 -16.3321 -20.5106
30.0935 -17.5601 -20.0036

27.2975 -15.1731 -18.8496
27.6165 -16.8351 -15.3866
31.4385 -16.3761 -15.0976
30.8875 -12.6741 -16.0686
28.2985 -12.3211 -13.1936
30.6665 -14.1411 -10.7566
33.6155 -11.8491 -11.7136
31.2645 -8.81112 -11.2576
30.2495 -10.0131 -7.73355
33.9645 -10.5941 -6.92655
34.9345 -7.07312 -8.19855
32.1075 -5.53412 -6.08355
33.0625 -7.48312 -2.88555
36.7955 -6.56612 -3.45255
35.7455 -2.87612 -3.81255
34.0945 -3.06512 -0.352552
37.2545 -4.64612 1.21645
39.5545 -2.08512 -0.511552
37.5555 0.888884 0.934448
37.5025 -0.307116 4.63245
40.7895 1.44588 5.76945
39.8525 4.87888 4.29745
36.1675 4.52388 5.33745
37.5085 3.97588 8.90845
39.9805 6.91888 8.52145
37.0535 9.16988 7.43845
34.7415 8.01788 10.3284
37.5465 8.78588 12.8394
38.2005 12.2359 11.2144
34.4515 13.0329 11.6904
34.5785 12.0219 15.4154
37.9035 13.8869 16.0054

36.2455 16.9659 14.3224
33.7655 16.9509 17.2964
30.5965 15.6539 15.5054
27.9025 14.7009 18.0334
25.6495 12.3519 15.9094

25.8685 10.7569 12.4284
24.7005 7.68088 10.4574
27.0705 5.31888 8.58245
25.4845 3.25188 5.77845

27.1055 0.0968843 4.30745
25.7235 -3.20412 2.83045
28.6015 -5.74812 2.88545

28.7325 -7.43212 6.33845
32.5955 -7.23012 6.39645
32.3655 -3.37312 6.15445
29.7625 -3.18812 8.99845
31.9235 -5.62312 11.0844
35.1885 -3.64112 10.5304
33.5115 -0.262116 11.3764
31.9585 -1.69112 14.6154
35.2945 -3.32412 15.6454
37.2365 -0.0211157 15.2254
34.5505 1.99188 17.1334
34.7685 -0.599116 19.9984
38.6305 -0.375116 19.8834

38.3425 3.47988 20.1394
35.6745 3.04788 22.9404
33.0965 5.00788 20.8384
29.4925 4.32088 21.9074

27.4895 3.32988 18.7964
24.4045 1.36188 17.6304
24.3265 -1.35512 14.9144
21.3245 -2.45612 12.7704

21.5905 -5.17812 10.0724
19.7575 -8.27412 8.65845
20.3355 -10.1911 11.9674
18.9015 -7.44212 14.2834
15.3885 -8.44712 15.4724
12.2255 -6.35112 14.8164
11.8525 -5.24312 18.5044

15.6105 -4.60112 19.0914
15.6015 -2.37612 15.9244
13.0405 -0.0441157 17.5884
14.8895 -0.0991157 20.9724
18.3255 0.688884 19.3644
16.5845 3.45788 17.3414
15.2505 4.94588 20.6414
18.7275 4.56288 22.2944
20.3755 6.57888 19.4264
17.5275 9.17888 19.4764
17.4535 9.74288 23.2874

21.0865 9.07988 24.4214
23.6705 11.8619 23.7354
26.4735 9.23388 24.1854
25.6625 7.22988 21.0074
27.6315 9.21088 18.3864

27.4895 6.68688 15.4734
24.7295 4.51588 13.9944
26.1915 1.65388 11.8644
23.3355 0.743884 9.49145
22.7615 -1.78412 6.70345

21.4495 0.111884 3.60245
19.0205 -2.79812 2.89345
17.9575 -3.64712 6.49045
17.4705 -0.0531157 7.85745
15.7485 1.47588 4.72445
12.2875 1.00188 6.41245
10.2895 1.95788 9.56345
13.0565 3.72388 11.5584
13.5055 7.49588 12.2434
16.9585 9.03888 12.9524
16.1215 12.7739 13.3984
18.8315 13.1059 16.1514
21.6155 13.0409 13.4784
22.4995 15.8459 10.9814

24.9465 13.7689 8.83945
24.6375 10.6049 6.69745
27.8045 8.83788 5.41245
27.4275 6.20488 2.66845

30.5875 4.08188 3.11245
29.3785 2.06188 0.0814477
27.3675 2.86488 -3.06655
24.1745 0.899884 -3.86255
23.0885 0.345884 -7.52955
19.4425 1.31788 -6.78455

18.9025 5.09488 -6.13655
15.4295 4.54688 -4.57355
17.1305 2.67988 -1.65355
19.7495 5.47588 -1.23855
16.9125 8.10388 -1.08455
15.0325 5.86388 1.45045
18.2105 5.85688 3.63045
18.6845 9.70788 3.39845

14.9865 10.1829 4.41645
15.6605 8.33588 7.70045
17.2815 11.6159 8.96545
15.3495 14.1379 6.82045
11.9655 13.6449 8.64445
9.42547 15.8189 10.5274
11.3495 16.7609 13.7244
14.6575 17.5329 11.9024
15.8865 21.1329 12.6164
19.4085 21.0639 11.0034
20.5115 21.0269 7.31745

21.1335 17.3459 6.49445
24.6235 16.5249 5.16245
24.8855 13.4739 2.82745
28.4465 12.2219 2.08645
28.9505 9.53788 -0.625552
32.3705 7.84288 -0.117552
33.9035 6.82688 -3.52055

37.2925 5.32688 -4.54255
38.9935 5.84588 -7.97155
40.0995 2.48088 -9.49555
37.0765 0.505884 -8.07755
33.4045 -0.494116 -8.70355

32.3925 3.08988 -7.62455
33.7115 4.43388 -11.0086
30.9315 2.42588 -12.8186
28.2325 2.50288 -10.0846
28.1965 6.31688 -9.66455
27.3855 7.15888 -13.3786
24.8005 4.27188 -13.3286
23.0915 5.70888 -10.1846
23.1045 9.22188 -11.8016
21.4115 8.13888 -15.0836
18.8105 6.21388 -12.9686
17.9685 9.34888 -10.8496
17.6085 11.3409 -14.1216
15.1355 8.69588 -15.4866
13.2135 8.96188 -12.1546
13.2285 12.8259 -12.3186
12.0015 12.9099 -15.9886

9.12847 10.5879 -14.8716
8.32847 13.1299 -12.0266
9.40447 10.5289 -9.38255
12.4245 12.4359 -7.90655
13.5995 16.0509 -7.33455
17.0575 14.6119 -6.59955
19.5315 15.7479 -9.24455
22.9715 14.0759 -8.77155
24.8565 15.8819 -11.6606

25.8625 18.9709 -9.57855
27.9105 16.7819 -7.13555
30.2575 15.4649 -9.91455
31.1085 18.8619 -11.4736

32.3735 19.8209 -7.94355
34.8585 16.8479 -7.52055

End chain 1
