-13.201 -6.296 -53.957
-10.703 -3.406 -53.291
-9.54 -3.087 -49.639
-11.02 0.322 -48.639
-8.614 1.85 -46.053
-10.787 3.126 -43.162

-9.634 6.195 -41.181
-10.061 4.9 -37.589
-10.286 6.838 -34.306
-12.195 7.103 -30.979
-14.163 9.439 -28.711
-12.619 10.223 -25.263
-14.157 12.207 -22.344

-11.943 15.248 -21.466
-14.301 16.978 -18.949
-17.827 16.65 -17.399
-19.139 18.761 -20.353

-16.752 17.96 -23.312
-15.482 14.956 -25.281
-12.62 14.751 -27.824
-12.437 12.939 -31.204
-8.982 11.264 -31.393
-8.672 10.357 -35.1

-6.282 10.744 -38.079
-6.98 13.557 -40.6
-9.895 13.022 -43.051

-11.208 15.853 -45.293
-14.92 14.856 -45.011
-14.611 14.37 -41.226
-13.015 17.857 -40.827
-15.875 19.254 -42.999
-18.403 17.482 -40.669
-16.559 18.759 -37.515
-16.844 22.341 -38.957

-20.697 21.797 -39.029
-20.861 21.033 -35.24
-22.116 23.933 -33.104
-20.016 23.255 -29.939
-16.791 22.621 -31.971

-13.393 23.436 -30.391
-10.011 22.816 -32.063
-6.805 22.812 -29.99

-3.883 23.919 -32.209
-1.328 22.314 -29.773
-2.753 18.736 -29.691
-4.334 19.137 -33.217

-7.578 17.622 -31.79
-11.313 18.386 -31.995
-13.683 18.544 -28.991
-17.466 19.001 -28.65
-20.131 19.402 -25.91

-21.257 16.038 -24.476
-24.923 16.743 -25.497
-23.731 16.722 -29.178
-22.178 13.179 -28.839
-25.228 11.354 -30.322
-25.57 14.044 -33.093
-21.852 13.682 -34.021
-21.815 9.829 -34.037
-25.045 9.774 -36.128
-23.507 12.176 -38.75
-20.093 10.348 -38.803

-21.793 6.948 -39.527
-22.962 8.546 -42.834
-19.328 9.196 -43.991
-17.677 6.563 -46.261
-14.251 5.2 -45.121

-14.46 6.789 -41.562
-14.765 4.819 -38.279
-15.142 6.964 -35.114
-15.663 4.659 -32.101

-15.378 3.95112 -28.3816
-14.9326 5.2936 -24.7577
-14.4104 6.525 -21.0985

-17.508 4.53468 -20.1572
-18.4322 7.05919 -17.471
-18.0634 9.94333 -19.9181
-20.2835 8.19708 -22.4607
-22.9647 7.57911 -19.8392
-22.9088 11.229 -18.7818

-23.8692 14.6998 -20.2081
-23.5506 18.3109 -19.207
-26.133 20.8666 -18.1179

-26.7941 23.5583 -20.718
-25.3517 26.2425 -18.447
-22.2152 24.183 -17.8436

-21.5982 27.838 -16.7316
-21.1062 30.692 -19.2716
-20.0782 32.839 -16.2306
-16.9582 33.242 -14.0426
-18.6142 32.666 -10.6566
-15.7792 31.623 -8.31456
-16.3152 28.391 -6.26856
-19.8032 28.428 -4.62856
-19.3822 29.244 -0.922557
-19.1622 26.068 1.15944
-22.3982 26.035 3.24544
-21.8602 25.982 7.02144
-22.8892 22.587 8.40844
-25.3112 22.286 11.3334
-22.9732 20.887 14.0404
-25.6612 21.055 16.8524
-25.7432 17.195 16.9884
-21.9042 17.185 17.5194
-20.4042 17.342 21.0344

-20.1042 21.11 21.9784
-16.5752 20.545 23.4364
-15.3802 19.505 19.9324
-17.3152 22.221 17.9954
-15.9862 25.044 20.2854

-12.3222 23.856 19.9264
-12.2712 23.858 16.0604
-10.0292 26.623 14.6514

-11.6902 28.728 11.8284
-9.81524 26.819 9.06144
-10.6482 23.438 10.7314
-14.3802 24.443 10.7424
-14.1462 25.354 7.01244
-12.5272 21.891 6.41144
-15.3722 20.111 8.30944
-17.9472 22.12 6.25644
-16.1392 21.201 2.96144
-16.0142 17.495 3.95044
-19.7802 17.527 4.79344
-20.6082 19.379 1.50044

-18.5572 16.681 -0.406557
-20.7982 14.084 1.39544
-18.0962 12.736 3.79544

-15.9362 11.389 0.891443
-12.5402 13.154 0.828443
-8.79324 13.048 1.34444
-7.87924 15.577 4.08644

-4.27824 16.231 2.93744
-3.71924 19.225 5.29044
-0.0882388 19.641 6.44244
1.36776 17.751 9.46344
0.0547612 18.992 12.8494
-2.81724 21.205 11.4394
-5.29024 19.017 13.4734

-6.42824 16.39 10.8964
-7.59624 14.117 13.7994
-9.94724 16.75 15.3814
-11.4602 17.542 11.9194
-11.8662 13.774 11.1554
-13.6042 13.078 14.5264
-15.9992 16.032 13.8634
-16.8312 14.891 10.2604
-17.4302 11.313 11.5284
-19.5392 12.556 14.5264
-21.8112 14.567 12.1434
-22.4842 11.094 10.5724
-22.9682 9.32901 14.0464
-26.4702 8.17901 12.8354

-24.6342 6.08001 10.1274
-22.2102 4.16801 12.4754
-20.5652 1.62301 13.2354

-17.3582 3.58801 12.5534
-14.1352 1.89901 11.3344
-10.8192 3.70801 12.0624
-7.71624 2.29701 10.2884
-4.41324 3.67901 11.6684

-0.634239 3.02001 12.0514
-0.000238762 0.216009 14.6324
1.55976 2.73101 17.1584
-1.27324 5.39601 17.2644

-4.34224 3.16801 18.0684
-4.47924 4.28301 21.7404
-3.73824 7.93401 20.6954
-6.94924 7.73201 18.5714
-8.99824 6.13901 21.4404
-7.85224 8.95601 23.7944
-8.69324 11.512 21.0344
-12.3062 10.147 20.8254
-12.6662 10.176 24.6764
-11.1802 13.736 24.7884
-13.4072 15.231 22.0434

-16.7052 13.227 22.3054
-17.4352 12.986 26.1214
-20.9722 11.827 25.0134
-19.3482 8.33501 24.4714
-18.6142 5.75101 27.1824

-15.2162 3.93201 26.9224
-17.2222 0.716009 26.1454
-18.3642 2.36901 22.8564

-14.6752 2.22001 21.6414
-13.0892 -1.08799 20.5534
-9.26524 -1.00499 20.1464

-8.28624 -4.07999 18.1004
-4.90024 -5.26699 19.4374
-4.78524 -8.80099 17.8784
-5.98924 -10.763 14.8004
-8.35324 -12.784 17.1354
-10.3722 -9.77199 18.3824
-13.9362 -8.88099 17.2244
-13.6592 -5.93699 14.7664
-17.4002 -5.06599 15.3384
-17.5032 -5.12999 19.1924
-17.6922 -1.29599 19.6014
-19.6642 1.57001 18.0604

-16.1722 2.89601 17.1034
-13.6492 0.203009 16.0304
-9.92024 1.13801 15.8684
-7.59324 -1.26599 13.9524
-4.11324 -1.25899 12.3564

-3.24224 -1.70399 8.64244
-1.34124 -4.97299 9.44044
-4.41724 -6.50999 11.1784
-6.88424 -5.73299 8.28744

-5.51024 -8.67899 6.20544
-5.87124 -11.037 9.24844
-9.42724 -9.70399 9.91044
-10.5982 -9.77899 6.20444
-13.3152 -12.379 7.10944
-14.8272 -9.79999 9.57744
-14.5392 -6.85799 7.05444
-17.6552 -8.39699 5.34344
-19.7722 -6.41499 7.89044
-20.6782 -3.10099 6.11744
-18.9512 -0.198991 7.90744
-20.8202 2.82101 6.42544

-18.2882 5.35901 7.85744
-14.5202 4.73801 7.49444
-11.5912 6.89101 8.66744

-8.10124 5.92601 7.42544
-5.24624 7.79901 9.12444
-1.92524 8.17101 7.21644

-3.65024 6.68401 4.09644
-0.349239 6.82901 2.09744
0.163761 3.29401 3.60944
-2.35824 2.17001 0.889443

-0.142239 3.60001 -1.98856
0.554761 0.127009 -3.54556
-2.49724 -1.94699 -4.67056
-0.578239 -5.31199 -4.57256
0.0297612 -5.07999 -0.773557

-2.13524 -7.23299 1.55744
-3.15224 -4.08599 3.57844
-4.41624 -2.37299 0.372443
-6.17024 -5.55699 -0.940557
-8.04524 -5.86899 2.41744
-8.89724 -2.10099 2.73344
-10.0492 -1.31699 -0.859557
-13.2842 -3.48699 -0.937557
-14.5452 -1.74999 2.26644
-13.5882 1.76401 1.00144
-15.4772 1.21001 -2.32056

-18.7322 0.109009 -0.510557
-18.6562 2.39201 2.60044
-20.9562 5.49401 2.36144

-18.4102 7.92001 3.96144
-14.6032 7.68901 3.43644
-12.3532 10.113 5.35544
-8.72924 9.57901 4.24244
-6.01124 11.515 6.15344

-2.32324 12.101 5.24644
0.417761 14.748 5.63844
2.12576 13.337 2.52844
-0.586239 11.814 0.233443
2.15276 11.015 -2.27956
5.57176 10.08 -0.811557
7.59476 10.309 -4.09056
5.45576 9.85101 -7.29856

1.92976 10.448 -8.81856
1.27076 6.64001 -9.03556
1.01376 6.51801 -5.15756
-2.20324 8.66601 -5.31356
-4.21224 6.19001 -7.46256
-5.48824 4.01001 -4.54856
-6.56524 7.14401 -2.57756
-8.32224 8.63001 -5.69256
-10.3432 5.39801 -6.31056
-11.1292 5.11001 -2.54856
-12.6882 8.65301 -2.53056

-14.1912 8.38201 -6.10656
-14.5762 4.66601 -7.19156
-15.7562 5.78501 -10.7146
-12.5192 7.74601 -11.4426
-9.92124 5.80001 -13.5266
-11.4842 2.25101 -13.1636
-8.16024 0.819009 -14.5056

-4.68524 2.01701 -13.3636
-3.30324 2.01401 -16.9666
-5.45024 5.06901 -17.9646
-4.14924 7.00501 -14.8936
-0.549239 5.83701 -15.6026
-0.612239 6.87401 -19.3186
-1.82224 10.402 -18.3646
0.0127612 11.216 -15.0766

2.90576 8.68501 -14.6986
4.56476 9.16801 -18.1766
3.91676 5.45901 -18.7926

6.49376 3.81201 -21.1236
6.24476 0.464009 -22.9656

9.52476 -1.37899 -22.2086
10.5208 -4.86099 -23.6366
9.47076 -6.42799 -20.2496

6.11476 -4.53499 -19.8426
4.95076 -1.05199 -18.7486
7.04076 1.37301 -16.6666

5.02976 3.84401 -14.4726
7.96076 5.46001 -12.5136
7.62976 8.78701 -14.4066
5.41076 11.874 -14.0606
3.28276 13.934 -16.4996
0.527761 16.629 -16.5776

0.987761 17.346 -12.8026
-0.843239 20.744 -12.9016
-3.94324 18.968 -14.3586
-3.61824 16.254 -11.6546
-3.43724 19.022 -8.96156
-6.64524 20.66 -10.3306
-8.47824 17.265 -10.4396
-7.36624 16.442 -6.85256
-8.42524 19.84 -5.36556
-11.8272 19.89 -7.17856
-13.0042 16.281 -6.64356
-10.7732 14.279 -4.17756

-8.64024 16.337 -1.79356
-8.69824 19.231 0.677443
-5.09524 20.473 1.21044
-3.78824 23.474 3.19944
-0.213239 24.309 4.17344

1.31276 25.793 7.40144
1.92376 28.997 5.37944
-1.83124 29.246 4.47944
-3.27124 28.876 8.03944

-0.460239 29.371 10.6614
1.50076 32.606 9.83044
2.91476 32.369 13.4304
4.91976 29.101 13.0144
8.71876 29.795 12.9994
10.4718 29.061 9.67544

12.1278 25.691 8.93244
15.7438 26.539 7.95444
17.2808 23.649 5.95244
20.9598 23.151 5.00544
23.3218 20.542 3.60344
26.3628 19.847 5.84444

29.1818 18.293 3.78944
30.9618 16.092 6.38044
34.6768 15.911 5.57044

35.6608 12.68 3.64744
39.2758 13.151 4.97544

38.2378 10.959 7.99744
37.1968 8.17001 5.51244
40.3348 5.98901 5.57844

41.8408 4.71601 2.28044
40.5288 1.09801 2.82144
36.9068 2.29601 3.37244
37.1838 4.62601 0.311443
38.6128 1.78101 -1.84056
35.6748 -0.435991 -0.655557
33.1288 2.29901 -1.65356
34.9258 2.69701 -5.04356
34.8388 -1.12899 -5.47456
31.0658 -1.43799 -4.72656
30.3778 1.61401 -6.99456
32.3328 -0.0619908 -9.88156
30.5588 -3.37499 -9.09056
27.0618 -1.82299 -9.67456
28.1528 -0.491991 -13.1456

29.6328 -3.82199 -14.3976
27.8028 -4.91999 -17.6026
27.9438 -8.69999 -17.0676
26.0728 -8.86099 -13.6826
22.4998 -10.089 -13.1756

19.7038 -7.70199 -12.0216
20.0228 -9.36399 -8.55856
23.8448 -8.90499 -8.26956
23.2938 -5.20299 -9.24056
20.7048 -4.84999 -6.36556
23.0728 -6.66999 -3.92856
26.0218 -4.37799 -4.88556
23.6708 -1.33999 -4.42956
22.6558 -2.54199 -0.905557
26.3708 -3.12299 -0.0985571
27.3408 0.398009 -1.37056
24.5138 1.93701 0.744443
25.4688 -0.0119908 3.94244
29.2018 0.905009 3.37544
28.1518 4.59501 3.01544
26.5008 4.40601 6.47544
29.6608 2.82501 8.04444
31.9608 5.38601 6.31644
29.9618 8.36001 7.76244
29.9088 7.16401 11.4604
33.1958 8.91701 12.5974
32.2588 12.35 11.1254
28.5738 11.995 12.1654
29.9148 11.447 15.7364
32.3868 14.39 15.3494
29.4598 16.641 14.2664
27.1478 15.489 17.1564
29.9528 16.257 19.6674
30.6068 19.707 18.0424
26.8578 20.504 18.5184
26.9848 19.493 22.2434
30.3098 21.358 22.8334

28.6518 24.437 21.1504
26.1718 24.422 24.1244
23.0028 23.125 22.3334
20.3088 22.172 24.8614
18.0558 19.823 22.7374

18.2748 18.228 19.2564
17.1068 15.152 17.2854
19.4768 12.79 15.4104
17.8908 10.723 12.6064

19.5118 7.56801 11.1354
18.1298 4.26701 9.65844
21.0078 1.72301 9.71344

21.1388 0.0390092 13.1664
25.0018 0.241009 13.2244
24.7718 4.09801 12.9824
22.1688 4.28301 15.8264
24.3298 1.84801 17.9124
27.5948 3.83001 17.3584
25.9178 7.20901 18.2044
24.3648 5.78001 21.4434
27.7008 4.14701 22.4734
29.6428 7.45001 22.0534
26.9568 9.46301 23.9614
27.1748 6.87201 26.8264
31.0368 7.09601 26.7114

30.7488 10.951 26.9674
28.0808 10.519 29.7684
25.5028 12.479 27.6664
21.8988 11.792 28.7354

19.8958 10.801 25.6244
16.8108 8.83301 24.4584
16.7328 6.11601 21.7424
13.7308 5.01501 19.5984

13.9968 2.29301 16.9004
12.1638 -0.802991 15.4864
12.7418 -2.71999 18.7954
11.3078 0.0290092 21.1114
7.79476 -0.975991 22.3004
4.63176 1.12001 21.6444
4.25876 2.22801 25.3324

8.01676 2.87001 25.9194
8.00776 5.09501 22.7524
5.44676 7.42701 24.4164
7.29576 7.37201 27.8004
10.7318 8.16001 26.1924
8.99076 10.929 24.1694
7.65676 12.417 27.4694
11.1338 12.034 29.1224
12.7818 14.05 26.2544
9.93376 16.65 26.3044
9.85976 17.214 30.1154

13.4928 16.551 31.2494
16.0768 19.333 30.5634
18.8798 16.705 31.0134
18.0688 14.701 27.8354
20.0378 16.682 25.2144

19.8958 14.158 22.3014
17.1358 11.987 20.8224
18.5978 9.12501 18.6924
15.7418 8.21501 16.3194
15.1678 5.68701 13.5314

13.8558 7.58301 10.4304
11.4268 4.67301 9.72144
10.3638 3.82401 13.3184
9.87676 7.41801 14.6854
8.15476 8.94701 11.5524
4.69376 8.47301 13.2404
2.69576 9.42901 16.3914
5.46276 11.195 18.3864
5.91176 14.967 19.0714
9.36476 16.51 19.7804
8.52776 20.245 20.2264
11.2378 20.577 22.9794
14.0218 20.512 20.3064
14.9058 23.317 17.8094

17.3528 21.24 15.6674
17.0438 18.076 13.5254
20.2108 16.309 12.2404
19.8338 13.676 9.49644

22.9938 11.553 9.94044
21.7848 9.53301 6.90944
19.7738 10.336 3.76144
16.5808 8.37101 2.96544
15.4948 7.81701 -0.701557
11.8488 8.78901 0.0434429

11.3088 12.566 0.691443
7.83576 12.018 2.25444
9.53676 10.151 5.17444
12.1558 12.947 5.58944
9.31876 15.575 5.74344
7.43876 13.335 8.27844
10.6168 13.328 10.4584
11.0908 17.179 10.2264

7.39276 17.654 11.2444
8.06676 15.807 14.5284
9.68776 19.087 15.7934
7.75576 21.609 13.6484
4.37176 21.116 15.4724
1.83176 23.29 17.3554
3.75576 24.232 20.5524
7.06376 25.004 18.7304
8.29276 28.604 19.4444
11.8148 28.535 17.8314
12.9178 28.498 14.1454

13.5398 24.817 13.3224
17.0298 23.996 11.9904
17.2918 20.945 9.65544
20.8528 19.693 8.91444
21.3568 17.009 6.20244
24.7768 15.314 6.71044
26.3098 14.298 3.30744

29.6988 12.798 2.28544
31.3998 13.317 -1.14356
32.5058 9.95201 -2.66756
29.4828 7.97701 -1.24956
25.8108 6.97701 -1.87556

24.7988 10.561 -0.796557
26.1178 11.905 -4.18056
23.3378 9.89701 -5.99056
20.6388 9.97401 -3.25656
20.6028 13.788 -2.83656
19.7918 14.63 -6.55056
17.2068 11.743 -6.50056
15.4978 13.18 -3.35656
15.5108 16.693 -4.97356
13.8178 15.61 -8.25556
11.2168 13.685 -6.14056
10.3748 16.82 -4.02156
10.0148 18.812 -7.29356
7.54176 16.167 -8.65856
5.61976 16.433 -5.32656
5.63476 20.297 -5.49056
4.40776 20.381 -9.16056

1.53476 18.059 -8.04356
0.734761 20.601 -5.19856
1.81076 18 -2.55456
4.83076 19.907 -1.07856
6.00576 23.522 -0.506557
9.46376 22.083 0.228443
11.9378 23.219 -2.41656
15.3778 21.547 -1.94356
17.2628 23.353 -4.83256

18.2688 26.442 -2.75056
20.3168 24.253 -0.307557
22.6638 22.936 -3.08656
23.5148 26.333 -4.64556

24.7798 27.292 -1.11556
27.2648 24.319 -0.692557

End chain 1
