-13.201 -6.296 -53.957
-10.703 -3.406 -53.291
-9.54 -3.087 -49.639
-11.02 0.322 -48.639
-8.614 1.85 -46.053
-10.787 3.126 -43.162

-9.634 6.195 -41.181
-10.061 4.9 -37.589
-10.286 6.838 -34.306
-12.195 7.103 -30.979
-14.163 9.439 -28.711
-12.619 10.223 -25.263
-14.157 12.207 -22.344

-11.943 15.248 -21.466
-14.301 16.978 -18.949
-17.827 16.65 -17.399
-19.139 18.761 -20.353

-16.752 17.96 -23.312
-15.482 14.956 -25.281
-12.62 14.751 -27.824
-12.437 12.939 -31.204
-8.982 11.264 -31.393
-8.672 10.357 -35.1

-6.282 10.744 -38.079
-6.98 13.557 -40.6
-9.895 13.022 -43.051

-11.208 15.853 -45.293
-14.92 14.856 -45.011
-14.611 14.37 -41.226
-13.015 17.857 -40.827
-15.875 19.254 -42.999
-18.403 17.482 -40.669
-16.559 18.759 -37.515
-16.844 22.341 -38.957

-20.697 21.797 -39.029
-20.861 21.033 -35.24
-22.116 23.933 -33.104
-20.016 23.255 -29.939
-16.791 22.621 -31.971

-13.393 23.436 -30.391
-10.011 22.816 -32.063
-6.805 22.812 -29.99

-3.883 23.919 -32.209
-1.328 22.314 -29.773
-2.753 18.736 -29.691
-4.334 19.137 -33.217

-7.578 17.622 -31.79
-11.313 18.386 -31.995
-13.683 18.544 -28.991
-17.466 19.001 -28.65
-20.131 19.402 -25.91

-21.257 16.038 -24.476
-24.923 16.743 -25.497
-23.731 16.722 -29.178
-22.178 13.179 -28.839
-25.228 11.354 -30.322
-25.57 14.044 -33.093
-21.852 13.682 -34.021
-21.815 9.829 -34.037
-25.045 9.774 -36.128
-23.507 12.176 -38.75
-20.093 10.348 -38.803

-21.793 6.948 -39.527
-22.962 8.546 -42.834
-19.328 9.196 -43.991
-17.677 6.563 -46.261
-14.251 5.2 -45.121

-14.46 6.789 -41.562
-14.765 4.819 -38.279
-15.142 6.964 -35.114
-15.663 4.659 -32.101

-18.218 6.249 -29.657
-17.862 6.903 -25.912
-18.35 3.469 -24.195

-21.794 2.549 -22.772
-20.235 2.829 -19.255
-19.534 6.58 -19.812
-22.964 7.196 -21.431
-24.623 5.531 -18.378
-22.42 7.523 -15.909

-23.3804 10.9938 -17.3353
-23.0618 14.6049 -16.3343
-25.6441 17.1606 -15.2452

-26.3053 19.8523 -17.8452
-24.8628 22.5365 -15.5743
-21.7264 20.477 -14.9708

-21.1094 24.132 -13.8588
-20.6174 26.986 -16.3988
-19.5894 29.133 -13.3578
-16.4694 29.536 -11.1698
-18.1254 28.96 -7.78378
-15.2904 27.917 -5.44178
-15.8264 24.685 -3.39578
-19.3144 24.722 -1.75578
-18.8934 25.538 1.95022
-18.6734 22.362 4.03222
-21.9094 22.329 6.11822
-21.3714 22.276 9.89422
-22.4004 18.881 11.2812
-24.8224 18.58 14.2062
-22.4844 17.181 16.9132
-25.1724 17.349 19.7252
-25.2544 13.489 19.8612
-21.4154 13.479 20.3922
-19.9154 13.636 23.9072

-19.6154 17.404 24.8512
-16.0864 16.839 26.3092
-14.8914 15.799 22.8052
-16.8264 18.515 20.8682
-15.4974 21.338 23.1582

-11.8334 20.15 22.7992
-11.7824 20.152 18.9332
-9.54041 22.917 17.5242

-11.2014 25.022 14.7012
-9.32641 23.113 11.9342
-10.1594 19.732 13.6042
-13.8914 20.737 13.6152
-13.6574 21.648 9.88522
-12.0384 18.185 9.28422
-14.8834 16.405 11.1822
-17.4584 18.414 9.12922
-15.6504 17.495 5.83422
-15.5254 13.789 6.82322
-19.2914 13.821 7.66622
-20.1194 15.673 4.37322

-18.0684 12.975 2.46622
-20.3094 10.378 4.26822
-17.6074 9.03003 6.66822

-15.4474 7.68303 3.76422
-12.0514 9.44803 3.70122
-8.30441 9.34203 4.21722
-7.39041 11.871 6.95922

-3.78941 12.525 5.81022
-3.23041 15.519 8.16322
0.400592 15.935 9.31522
1.85659 14.045 12.3362
0.543592 15.286 15.7222
-2.32841 17.499 14.3122
-4.80141 15.311 16.3462

-5.93941 12.684 13.7692
-7.10741 10.411 16.6722
-9.45841 13.044 18.2542
-10.9714 13.836 14.7922
-11.3774 10.068 14.0282
-13.1154 9.37203 17.3992
-15.5104 12.326 16.7362
-16.3424 11.185 13.1332
-16.9414 7.60703 14.4012
-19.0504 8.85003 17.3992
-21.3224 10.861 15.0162
-21.9954 7.38803 13.4452
-22.4794 5.62303 16.9192
-25.9814 4.47303 15.7082

-24.1454 2.37403 13.0002
-21.7214 0.462032 15.3482
-20.0764 -2.08297 16.1082

-16.8694 -0.117968 15.4262
-13.6464 -1.80697 14.2072
-10.3304 0.0020322 14.9352
-7.22741 -1.40897 13.1612
-3.92441 -0.0269678 14.5412

-0.145408 -0.685968 14.9242
0.488592 -3.48997 17.5052
2.04859 -0.974968 20.0312
-0.784408 1.69003 20.1372

-3.85341 -0.537968 20.9412
-3.99041 0.577032 24.6132
-3.24941 4.22803 23.5682
-6.46041 4.02603 21.4442
-8.50941 2.43303 24.3132
-7.36341 5.25003 26.6672
-8.20441 7.80603 23.9072
-11.8174 6.44103 23.6982
-12.1774 6.47003 27.5492
-10.6914 10.03 27.6612
-12.9184 11.525 24.9162

-16.2164 9.52103 25.1782
-16.9464 9.28003 28.9942
-20.4834 8.12103 27.8862
-18.8594 4.62903 27.3442
-18.1254 2.04503 30.0552

-14.7274 0.226032 29.7952
-16.7334 -2.98997 29.0182
-17.8754 -1.33697 25.7292

-14.1864 -1.48597 24.5142
-12.6004 -4.79397 23.4262
-8.77641 -4.71097 23.0192

-7.79741 -7.78597 20.9732
-4.41141 -8.97297 22.3102
-4.29641 -12.507 20.7512
-5.50041 -14.469 17.6732
-7.86441 -16.49 20.0082
-9.88341 -13.478 21.2552
-13.4474 -12.587 20.0972
-13.1704 -9.64297 17.6392
-16.9114 -8.77197 18.2112
-17.0144 -8.83597 22.0652
-17.2034 -5.00197 22.4742
-19.1754 -2.13597 20.9332

-15.6834 -0.809968 19.9762
-13.1604 -3.50297 18.9032
-9.43141 -2.56797 18.7412
-7.10441 -4.97197 16.8252
-3.62441 -4.96497 15.2292

-2.75341 -5.40997 11.5152
-0.852408 -8.67897 12.3132
-3.92841 -10.216 14.0512
-6.39541 -9.43897 11.1602

-5.02141 -12.385 9.07822
-5.38241 -14.743 12.1212
-8.93841 -13.41 12.7832
-10.1094 -13.485 9.07722
-12.8264 -16.085 9.98222
-14.3384 -13.506 12.4502
-14.0504 -10.564 9.92722
-17.1664 -12.103 8.21622
-19.2834 -10.121 10.7632
-20.1894 -6.80697 8.99022
-18.4624 -3.90497 10.7802
-20.3314 -0.884968 9.29822

-17.7994 1.65303 10.7302
-14.0314 1.03203 10.3672
-11.1024 3.18503 11.5402

-7.61241 2.22003 10.2982
-4.75741 4.09303 11.9972
-1.43641 4.46503 10.0892

-3.16141 2.97803 6.96922
0.139592 3.12303 4.97022
0.652592 -0.411968 6.48222
-1.86941 -1.53597 3.76222

0.346592 -0.105968 0.884216
1.04359 -3.57897 -0.672784
-2.00841 -5.65297 -1.79778
-0.0894077 -9.01797 -1.69978
0.518592 -8.78597 2.09922

-1.64641 -10.939 4.43022
-2.66341 -7.79197 6.45122
-3.92741 -6.07897 3.24522
-5.68141 -9.26297 1.93222
-7.55641 -9.57497 5.29022
-8.40841 -5.80697 5.60622
-9.56041 -5.02297 2.01322
-12.7954 -7.19297 1.93522
-14.0564 -5.45597 5.13922
-13.0994 -1.94197 3.87422
-14.9884 -2.49597 0.552216

-18.2434 -3.59697 2.36222
-18.1674 -1.31397 5.47322
-20.4674 1.78803 5.23422

-17.9214 4.21403 6.83422
-14.1144 3.98303 6.30922
-11.8644 6.40703 8.22822
-8.24041 5.87303 7.11522
-5.52241 7.80903 9.02622

-1.83441 8.39503 8.11922
0.906592 11.042 8.51122
2.61459 9.63103 5.40122
-0.0974077 8.10803 3.10622
2.64159 7.30903 0.593216
6.06059 6.37403 2.06122
8.08359 6.60303 -1.21778
5.94459 6.14503 -4.42578

2.41859 6.74203 -5.94578
1.75959 2.93403 -6.16278
1.50259 2.81203 -2.28478
-1.71441 4.96003 -2.44078
-3.72341 2.48403 -4.58978
-4.99941 0.304032 -1.67578
-6.07641 3.43803 0.295216
-7.83341 4.92403 -2.81978
-9.85441 1.69203 -3.43778
-10.6404 1.40403 0.324216
-12.1994 4.94703 0.342216

-13.7024 4.67603 -3.23378
-14.0874 0.960032 -4.31878
-15.2674 2.07903 -7.84178
-12.0304 4.04003 -8.56978
-9.43241 2.09403 -10.6538
-10.9954 -1.45497 -10.2908
-7.67141 -2.88697 -11.6328

-4.19641 -1.68897 -10.4908
-2.81441 -1.69197 -14.0938
-4.96141 1.36303 -15.0918
-3.66041 3.29903 -12.0208
-0.0604077 2.13103 -12.7298
-0.123408 3.16803 -16.4458
-1.33341 6.69603 -15.4918
0.501592 7.51003 -12.2038

3.39459 4.97903 -11.8258
5.05359 5.46203 -15.3038
4.40559 1.75303 -15.9198

6.98259 0.106032 -18.2508
6.73359 -3.24197 -20.0928

10.0136 -5.08497 -19.3358
11.0096 -8.56697 -20.7638
9.95959 -10.134 -17.3768

6.60359 -8.24097 -16.9698
5.43959 -4.75797 -15.8758
7.52959 -2.33297 -13.7938

5.51859 0.138032 -11.5998
8.44959 1.75403 -9.64078
8.11859 5.08103 -11.5338
5.89959 8.16803 -11.1878
3.77159 10.228 -13.6268
1.01659 12.923 -13.7048

1.47659 13.64 -9.92978
-0.354408 17.038 -10.0288
-3.45441 15.262 -11.4858
-3.12941 12.548 -8.78178
-2.94841 15.316 -6.08878
-6.15641 16.954 -7.45778
-7.98941 13.559 -7.56678
-6.87741 12.736 -3.97978
-7.93641 16.134 -2.49278
-11.3384 16.184 -4.30578
-12.5154 12.575 -3.77078
-10.2844 10.573 -1.30478

-8.15141 12.631 1.07922
-8.20941 15.525 3.55022
-4.60641 16.767 4.08322
-3.29941 19.768 6.07222
0.275592 20.603 7.04622

1.80159 22.087 10.2742
2.41259 25.291 8.25222
-1.34241 25.54 7.35222
-2.78241 25.17 10.9122

0.0285923 25.665 13.5342
1.98959 28.9 12.7032
3.40359 28.663 16.3032
5.40859 25.395 15.8872
9.20759 26.089 15.8722
10.9606 25.355 12.5482

12.6166 21.985 11.8052
16.2326 22.833 10.8272
17.7696 19.943 8.82522
21.4486 19.445 7.87822
23.8106 16.836 6.47622
26.8516 16.141 8.71722

29.6706 14.587 6.66222
31.4506 12.386 9.25322
35.1656 12.205 8.44322

36.1496 8.97403 6.52022
39.7646 9.44503 7.84822

38.7266 7.25303 10.8702
37.6856 4.46403 8.38522
40.8236 2.28303 8.45122

42.3296 1.01003 5.15322
41.0176 -2.60797 5.69422
37.3956 -1.40997 6.24522
37.6726 0.920032 3.18422
39.1016 -1.92497 1.03222
36.1636 -4.14197 2.21722
33.6176 -1.40697 1.21922
35.4146 -1.00897 -2.17078
35.3276 -4.83497 -2.60178
31.5546 -5.14397 -1.85378
30.8666 -2.09197 -4.12178
32.8216 -3.76797 -7.00878
31.0476 -7.08097 -6.21778
27.5506 -5.52897 -6.80178
28.6416 -4.19797 -10.2728

30.1216 -7.52797 -11.5248
28.2916 -8.62597 -14.7298
28.4326 -12.406 -14.1948
26.5616 -12.567 -10.8098
22.9886 -13.795 -10.3028

20.1926 -11.408 -9.14878
20.5116 -13.07 -5.68578
24.3336 -12.611 -5.39678
23.7826 -8.90897 -6.36778
21.1936 -8.55597 -3.49278
23.5616 -10.376 -1.05578
26.5106 -8.08397 -2.01278
24.1596 -5.04597 -1.55678
23.1446 -6.24797 1.96722
26.8596 -6.82897 2.77422
27.8296 -3.30797 1.50222
25.0026 -1.76897 3.61722
25.9576 -3.71797 6.81522
29.6906 -2.80097 6.24822
28.6406 0.889032 5.88822
26.9896 0.700032 9.34822
30.1496 -0.880968 10.9172
32.4496 1.68003 9.18922
30.4506 4.65403 10.6352
30.3976 3.45803 14.3332
33.6846 5.21103 15.4702
32.7476 8.64403 13.9982
29.0626 8.28903 15.0382
30.4036 7.74103 18.6092
32.8756 10.684 18.2222
29.9486 12.935 17.1392
27.6366 11.783 20.0292
30.4416 12.551 22.5402
31.0956 16.001 20.9152
27.3466 16.798 21.3912
27.4736 15.787 25.1162
30.7986 17.652 25.7062

29.1406 20.731 24.0232
26.6606 20.716 26.9972
23.4916 19.419 25.2062
20.7976 18.466 27.7342
18.5446 16.117 25.6102

18.7636 14.522 22.1292
17.5956 11.446 20.1582
19.9656 9.08403 18.2832
18.3796 7.01703 15.4792

20.0006 3.86203 14.0082
18.6186 0.561032 12.5312
21.4966 -1.98297 12.5862

21.6276 -3.66697 16.0392
25.4906 -3.46497 16.0972
25.2606 0.392032 15.8552
22.6576 0.577032 18.6992
24.8186 -1.85797 20.7852
28.0836 0.124032 20.2312
26.4066 3.50303 21.0772
24.8536 2.07403 24.3162
28.1896 0.441032 25.3462
30.1316 3.74403 24.9262
27.4456 5.75703 26.8342
27.6636 3.16603 29.6992
31.5256 3.39003 29.5842

31.2376 7.24503 29.8402
28.5696 6.81303 32.6412
25.9916 8.77303 30.5392
22.3876 8.08603 31.6082

20.3846 7.09503 28.4972
17.2996 5.12703 27.3312
17.2216 2.41003 24.6152
14.2196 1.30903 22.4712

14.4856 -1.41297 19.7732
12.6526 -4.50897 18.3592
13.2306 -6.42597 21.6682
11.7966 -3.67697 23.9842
8.28359 -4.68197 25.1732
5.12059 -2.58597 24.5172
4.74759 -1.47797 28.2052

8.50559 -0.835968 28.7922
8.49659 1.38903 25.6252
5.93559 3.72103 27.2892
7.78459 3.66603 30.6732
11.2206 4.45403 29.0652
9.47959 7.22303 27.0422
8.14559 8.71103 30.3422
11.6226 8.32803 31.9952
13.2706 10.344 29.1272
10.4226 12.944 29.1772
10.3486 13.508 32.9882

13.9816 12.845 34.1222
16.5656 15.627 33.4362
19.3686 12.999 33.8862
18.5576 10.995 30.7082
20.5266 12.976 28.0872

20.3846 10.452 25.1742
17.6246 8.28103 23.6952
19.0866 5.41903 21.5652
16.2306 4.50903 19.1922
15.6566 1.98103 16.4042

14.3446 3.87703 13.3032
11.9156 0.967032 12.5942
10.8526 0.118032 16.1912
10.3656 3.71203 17.5582
8.64359 5.24103 14.4252
5.18259 4.76703 16.1132
3.18459 5.72303 19.2642
5.95159 7.48903 21.2592
6.40059 11.261 21.9442
9.85359 12.804 22.6532
9.01659 16.539 23.0992
11.7266 16.871 25.8522
14.5106 16.806 23.1792
15.3946 19.611 20.6822

17.8416 17.534 18.5402
17.5326 14.37 16.3982
20.6996 12.603 15.1132
20.3226 9.97003 12.3692

23.4826 7.84703 12.8132
22.2736 5.82703 9.78222
20.2626 6.63003 6.63422
17.0696 4.66503 5.83822
15.9836 4.11103 2.17122
12.3376 5.08303 2.91622

11.7976 8.86003 3.56422
8.32459 8.31203 5.12722
10.0256 6.44503 8.04722
12.6446 9.24103 8.46222
9.80759 11.869 8.61622
7.92759 9.62903 11.1512
11.1056 9.62203 13.3312
11.5796 13.473 13.0992

7.88159 13.948 14.1172
8.55559 12.101 17.4012
10.1766 15.381 18.6662
8.24459 17.903 16.5212
4.86059 17.41 18.3452
2.32059 19.584 20.2282
4.24459 20.526 23.4252
7.55259 21.298 21.6032
8.78159 24.898 22.3172
12.3036 24.829 20.7042
13.4066 24.792 17.0182

14.0286 21.111 16.1952
17.5186 20.29 14.8632
17.7806 17.239 12.5282
21.3416 15.987 11.7872
21.8456 13.303 9.07522
25.2656 11.608 9.58322
26.7986 10.592 6.18022

30.1876 9.09203 5.15822
31.8886 9.61103 1.72922
32.9946 6.24603 0.205216
29.9716 4.27103 1.62322
26.2996 3.27103 0.997216

25.2876 6.85503 2.07622
26.6066 8.19903 -1.30778
23.8266 6.19103 -3.11778
21.1276 6.26803 -0.383784
21.0916 10.082 0.036216
20.2806 10.924 -3.67778
17.6956 8.03703 -3.62778
15.9866 9.47403 -0.483784
15.9996 12.987 -2.10078
14.3066 11.904 -5.38278
11.7056 9.97903 -3.26778
10.8636 13.114 -1.14878
10.5036 15.106 -4.42078
8.03059 12.461 -5.78578
6.10859 12.727 -2.45378
6.12359 16.591 -2.61778
4.89659 16.675 -6.28778

2.02359 14.353 -5.17078
1.22359 16.895 -2.32578
2.29959 14.294 0.318216
5.31959 16.201 1.79422
6.49459 19.816 2.36622
9.95259 18.377 3.10122
12.4266 19.513 0.456216
15.8666 17.841 0.929216
17.7516 19.647 -1.95978

18.7576 22.736 0.122216
20.8056 20.547 2.56522
23.1526 19.23 -0.213784
24.0036 22.627 -1.77278

25.2686 23.586 1.75722
27.7536 20.613 2.18022

End chain 1
