-13.201 -6.296 -53.957
-10.703 -3.406 -53.291
-9.54 -3.087 -49.639
-11.02 0.322 -48.639
-8.614 1.85 -46.053
-10.787 3.126 -43.162

-9.634 6.195 -41.181
-10.061 4.9 -37.589
-10.286 6.838 -34.306
-12.195 7.103 -30.979
-14.163 9.439 -28.711
-12.619 10.223 -25.263
-14.157 12.207 -22.344

-11.943 15.248 -21.466
-14.301 16.978 -18.949
-17.827 16.65 -17.399
-19.139 18.761 -20.353

-16.752 17.96 -23.312
-15.482 14.956 -25.281
-12.62 14.751 -27.824
-12.437 12.939 -31.204
-8.982 11.264 -31.393
-8.672 10.357 -35.1

-6.282 10.744 -38.079
-6.98 13.557 -40.6
-9.895 13.022 -43.051

-11.208 15.853 -45.293
-14.92 14.856 -45.011
-14.611 14.37 -41.226
-13.015 17.857 -40.827
-15.875 19.254 -42.999
-18.403 17.482 -40.669
-16.559 18.759 -37.515
-16.844 22.341 -38.957

-20.697 21.797 -39.029
-20.861 21.033 -35.24
-22.116 23.933 -33.104
-20.016 23.255 -29.939
-16.791 22.621 -31.971

-13.393 23.436 -30.391
-10.011 22.816 -32.063
-6.805 22.812 -29.99

-3.883 23.919 -32.209
-1.328 22.314 -29.773
-2.753 18.736 -29.691
-4.334 19.137 -33.217

-7.578 17.622 -31.79
-11.313 18.386 -31.995
-13.683 18.544 -28.991
-17.466 19.001 -28.65
-20.131 19.402 -25.91

-21.257 16.038 -24.476
-24.923 16.743 -25.497
-23.731 16.722 -29.178
-22.178 13.179 -28.839
-25.228 11.354 -30.322
-25.57 14.044 -33.093
-21.852 13.682 -34.021
-21.815 9.829 -34.037
-25.045 9.774 -36.128
-23.507 12.176 -38.75
-20.093 10.348 -38.803

-21.793 6.948 -39.527
-22.962 8.546 -42.834
-19.328 9.196 -43.991
-17.677 6.563 -46.261
-14.251 5.2 -45.121

-14.46 6.789 -41.562
-14.765 4.819 -38.279
-15.142 6.964 -35.114
-15.663 4.659 -32.101

-17.1091 4.39606 -28.5901
-17.5189 5.14166 -24.885
-17.4877 4.55307 -21.1729

-20.5906 3.16593 -19.4728
-20.7054 6.10611 -17.0676
-20.4237 8.58618 -19.9334
-23.2576 6.88677 -21.8106
-25.4868 6.99049 -18.7344
-24.7947 10.6943 -18.2386

-25.7551 14.1651 -19.6649
-25.4366 17.7762 -18.6639
-28.0189 20.3319 -17.5748

-28.6801 23.0236 -20.1748
-27.2376 25.7078 -17.9039
-24.1012 23.6483 -17.3004

-23.4842 27.3033 -16.1884
-22.9922 30.1573 -18.7284
-21.9642 32.3043 -15.6874
-18.8442 32.7073 -13.4994
-20.5002 32.1313 -10.1134
-17.6652 31.0883 -7.77136
-18.2012 27.8563 -5.72536
-21.6892 27.8933 -4.08536
-21.2682 28.7093 -0.379363
-21.0482 25.5333 1.70264
-24.2842 25.5003 3.78864
-23.7462 25.4473 7.56464
-24.7752 22.0523 8.95164
-27.1972 21.7513 11.8766
-24.8592 20.3523 14.5836
-27.5472 20.5203 17.3956
-27.6292 16.6603 17.5316
-23.7902 16.6503 18.0626
-22.2902 16.8073 21.5776

-21.9902 20.5753 22.5216
-18.4612 20.0103 23.9796
-17.2662 18.9703 20.4756
-19.2012 21.6863 18.5386
-17.8722 24.5093 20.8286

-14.2082 23.3213 20.4696
-14.1572 23.3233 16.6036
-11.9152 26.0883 15.1946

-13.5762 28.1933 12.3716
-11.7012 26.2843 9.60464
-12.5342 22.9033 11.2746
-16.2662 23.9083 11.2856
-16.0322 24.8193 7.55564
-14.4132 21.3563 6.95464
-17.2582 19.5763 8.85264
-19.8332 21.5853 6.79964
-18.0252 20.6663 3.50464
-17.9002 16.9603 4.49364
-21.6662 16.9923 5.33664
-22.4942 18.8443 2.04364

-20.4432 16.1463 0.136637
-22.6842 13.5493 1.93864
-19.9822 12.2013 4.33864

-17.8222 10.8543 1.43464
-14.4262 12.6193 1.37164
-10.6792 12.5133 1.88764
-9.76516 15.0423 4.62964

-6.16416 15.6963 3.48064
-5.60516 18.6903 5.83364
-1.97416 19.1063 6.98564
-0.518156 17.2163 10.0066
-1.83116 18.4573 13.3926
-4.70316 20.6703 11.9826
-7.17616 18.4823 14.0166

-8.31416 15.8553 11.4396
-9.48216 13.5823 14.3426
-11.8332 16.2153 15.9246
-13.3462 17.0073 12.4626
-13.7522 13.2393 11.6986
-15.4902 12.5433 15.0696
-17.8852 15.4973 14.4066
-18.7172 14.3563 10.8036
-19.3162 10.7783 12.0716
-21.4252 12.0213 15.0696
-23.6972 14.0323 12.6866
-24.3702 10.5593 11.1156
-24.8542 8.79431 14.5896
-28.3562 7.64431 13.3786

-26.5202 5.54531 10.6706
-24.0962 3.63331 13.0186
-22.4512 1.08831 13.7786

-19.2442 3.05331 13.0966
-16.0212 1.36431 11.8776
-12.7052 3.17331 12.6056
-9.60216 1.76231 10.8316
-6.29916 3.14431 12.2116

-2.52016 2.48531 12.5946
-1.88616 -0.318694 15.1756
-0.326156 2.19631 17.7016
-3.15916 4.86131 17.8076

-6.22816 2.63331 18.6116
-6.36516 3.74831 22.2836
-5.62416 7.39931 21.2386
-8.83516 7.19731 19.1146
-10.8842 5.60431 21.9836
-9.73816 8.42131 24.3376
-10.5792 10.9773 21.5776
-14.1922 9.61231 21.3686
-14.5522 9.64131 25.2196
-13.0662 13.2013 25.3316
-15.2932 14.6963 22.5866

-18.5912 12.6923 22.8486
-19.3212 12.4513 26.6646
-22.8582 11.2923 25.5566
-21.2342 7.80031 25.0146
-20.5002 5.21631 27.7256

-17.1022 3.39731 27.4656
-19.1082 0.181306 26.6886
-20.2502 1.83431 23.3996

-16.5612 1.68531 22.1846
-14.9752 -1.62269 21.0966
-11.1512 -1.53969 20.6896

-10.1722 -4.61469 18.6436
-6.78616 -5.80169 19.9806
-6.67116 -9.33569 18.4216
-7.87516 -11.2977 15.3436
-10.2392 -13.3187 17.6786
-12.2582 -10.3067 18.9256
-15.8222 -9.41569 17.7676
-15.5452 -6.47169 15.3096
-19.2862 -5.60069 15.8816
-19.3892 -5.66469 19.7356
-19.5782 -1.83069 20.1446
-21.5502 1.03531 18.6036

-18.0582 2.36131 17.6466
-15.5352 -0.331694 16.5736
-11.8062 0.603306 16.4116
-9.47916 -1.80069 14.4956
-5.99916 -1.79369 12.8996

-5.12816 -2.23869 9.18564
-3.22716 -5.50769 9.98364
-6.30316 -7.04469 11.7216
-8.77016 -6.26769 8.83064

-7.39616 -9.21369 6.74864
-7.75716 -11.5717 9.79164
-11.3132 -10.2387 10.4536
-12.4842 -10.3137 6.74764
-15.2012 -12.9137 7.65264
-16.7132 -10.3347 10.1206
-16.4252 -7.39269 7.59764
-19.5412 -8.93169 5.88664
-21.6582 -6.94969 8.43364
-22.5642 -3.63569 6.66064
-20.8372 -0.733694 8.45064
-22.7062 2.28631 6.96864

-20.1742 4.82431 8.40064
-16.4062 4.20331 8.03764
-13.4772 6.35631 9.21064

-9.98716 5.39131 7.96864
-7.13216 7.26431 9.66764
-3.81116 7.63631 7.75964

-5.53616 6.14931 4.63964
-2.23516 6.29431 2.64064
-1.72216 2.75931 4.15264
-4.24416 1.63531 1.43264

-2.02816 3.06531 -1.44536
-1.33116 -0.407694 -3.00236
-4.38316 -2.48169 -4.12736
-2.46416 -5.84669 -4.02936
-1.85616 -5.61469 -0.230363

-4.02116 -7.76769 2.10064
-5.03816 -4.62069 4.12164
-6.30216 -2.90769 0.915637
-8.05616 -6.09169 -0.397363
-9.93116 -6.40369 2.96064
-10.7832 -2.63569 3.27664
-11.9352 -1.85169 -0.316363
-15.1702 -4.02169 -0.394363
-16.4312 -2.28469 2.80964
-15.4742 1.22931 1.54464
-17.3632 0.675306 -1.77736

-20.6182 -0.425694 0.0326369
-20.5422 1.85731 3.14364
-22.8422 4.95931 2.90464

-20.2962 7.38531 4.50464
-16.4892 7.15431 3.97964
-14.2392 9.57831 5.89864
-10.6152 9.04431 4.78564
-7.89716 10.9803 6.69664

-4.20916 11.5663 5.78964
-1.46816 14.2133 6.18164
0.239844 12.8023 3.07164
-2.47216 11.2793 0.776637
0.266844 10.4803 -1.73636
3.68584 9.54531 -0.268363
5.70884 9.77431 -3.54736
3.56984 9.31631 -6.75536

0.0438436 9.91331 -8.27536
-0.615156 6.10531 -8.49236
-0.872156 5.98331 -4.61436
-4.08916 8.13131 -4.77036
-6.09816 5.65531 -6.91936
-7.37416 3.47531 -4.00536
-8.45116 6.60931 -2.03436
-10.2082 8.09531 -5.14936
-12.2292 4.86331 -5.76736
-13.0152 4.57531 -2.00536
-14.5742 8.11831 -1.98736

-16.0772 7.84731 -5.56336
-16.4622 4.13131 -6.64836
-17.6422 5.25031 -10.1714
-14.4052 7.21131 -10.8994
-11.8072 5.26531 -12.9834
-13.3702 1.71631 -12.6204
-10.0462 0.284306 -13.9624

-6.57116 1.48231 -12.8204
-5.18916 1.47931 -16.4234
-7.33616 4.53431 -17.4214
-6.03516 6.47031 -14.3504
-2.43516 5.30231 -15.0594
-2.49816 6.33931 -18.7754
-3.70816 9.86731 -17.8214
-1.87316 10.6813 -14.5334

1.01984 8.15031 -14.1554
2.67884 8.63331 -17.6334
2.03084 4.92431 -18.2494

4.60784 3.27731 -20.5804
4.35884 -0.0706939 -22.4224

7.63884 -1.91369 -21.6654
8.63484 -5.39569 -23.0934
7.58484 -6.96269 -19.7064

4.22884 -5.06969 -19.2994
3.06484 -1.58669 -18.2054
5.15484 0.838306 -16.1234

3.14384 3.30931 -13.9294
6.07484 4.92531 -11.9704
5.74384 8.25231 -13.8634
3.52484 11.3393 -13.5174
1.39684 13.3993 -15.9564
-1.35816 16.0943 -16.0344

-0.898156 16.8113 -12.2594
-2.72916 20.2093 -12.3584
-5.82916 18.4333 -13.8154
-5.50416 15.7193 -11.1114
-5.32316 18.4873 -8.41836
-8.53116 20.1253 -9.78736
-10.3642 16.7303 -9.89636
-9.25216 15.9073 -6.30936
-10.3112 19.3053 -4.82236
-13.7132 19.3553 -6.63536
-14.8902 15.7463 -6.10036
-12.6592 13.7443 -3.63436

-10.5262 15.8023 -1.25036
-10.5842 18.6963 1.22064
-6.98116 19.9383 1.75364
-5.67416 22.9393 3.74264
-2.09916 23.7743 4.71664

-0.573156 25.2583 7.94464
0.0378436 28.4623 5.92264
-3.71716 28.7113 5.02264
-5.15716 28.3413 8.58264

-2.34616 28.8363 11.2046
-0.385156 32.0713 10.3736
1.02884 31.8343 13.9736
3.03384 28.5663 13.5576
6.83284 29.2603 13.5426
8.58584 28.5263 10.2186

10.2418 25.1563 9.47564
13.8578 26.0043 8.49764
15.3948 23.1143 6.49564
19.0738 22.6163 5.54864
21.4358 20.0073 4.14664
24.4768 19.3123 6.38764

27.2958 17.7583 4.33264
29.0758 15.5573 6.92364
32.7908 15.3763 6.11364

33.7748 12.1453 4.19064
37.3898 12.6163 5.51864

36.3518 10.4243 8.54064
35.3108 7.63531 6.05564
38.4488 5.45431 6.12164

39.9548 4.18131 2.82364
38.6428 0.563306 3.36464
35.0208 1.76131 3.91564
35.2978 4.09131 0.854637
36.7268 1.24631 -1.29736
33.7888 -0.970694 -0.112363
31.2428 1.76431 -1.11036
33.0398 2.16231 -4.50036
32.9528 -1.66369 -4.93136
29.1798 -1.97269 -4.18336
28.4918 1.07931 -6.45136
30.4468 -0.596694 -9.33836
28.6728 -3.90969 -8.54736
25.1758 -2.35769 -9.13136
26.2668 -1.02669 -12.6024

27.7468 -4.35669 -13.8544
25.9168 -5.45469 -17.0594
26.0578 -9.23469 -16.5244
24.1868 -9.39569 -13.1394
20.6138 -10.6237 -12.6324

17.8178 -8.23669 -11.4784
18.1368 -9.89869 -8.01536
21.9588 -9.43969 -7.72636
21.4078 -5.73769 -8.69736
18.8188 -5.38469 -5.82236
21.1868 -7.20469 -3.38536
24.1358 -4.91269 -4.34236
21.7848 -1.87469 -3.88636
20.7698 -3.07669 -0.362363
24.4848 -3.65769 0.444637
25.4548 -0.136694 -0.827363
22.6278 1.40231 1.28764
23.5828 -0.546694 4.48564
27.3158 0.370306 3.91864
26.2658 4.06031 3.55864
24.6148 3.87131 7.01864
27.7748 2.29031 8.58764
30.0748 4.85131 6.85964
28.0758 7.82531 8.30564
28.0228 6.62931 12.0036
31.3098 8.38231 13.1406
30.3728 11.8153 11.6686
26.6878 11.4603 12.7086
28.0288 10.9123 16.2796
30.5008 13.8553 15.8926
27.5738 16.1063 14.8096
25.2618 14.9543 17.6996
28.0668 15.7223 20.2106
28.7208 19.1723 18.5856
24.9718 19.9693 19.0616
25.0988 18.9583 22.7866
28.4238 20.8233 23.3766

26.7658 23.9023 21.6936
24.2858 23.8873 24.6676
21.1168 22.5903 22.8766
18.4228 21.6373 25.4046
16.1698 19.2883 23.2806

16.3888 17.6933 19.7996
15.2208 14.6173 17.8286
17.5908 12.2553 15.9536
16.0048 10.1883 13.1496

17.6258 7.03331 11.6786
16.2438 3.73231 10.2016
19.1218 1.18831 10.2566

19.2528 -0.495694 13.7096
23.1158 -0.293694 13.7676
22.8858 3.56331 13.5256
20.2828 3.74831 16.3696
22.4438 1.31331 18.4556
25.7088 3.29531 17.9016
24.0318 6.67431 18.7476
22.4788 5.24531 21.9866
25.8148 3.61231 23.0166
27.7568 6.91531 22.5966
25.0708 8.92831 24.5046
25.2888 6.33731 27.3696
29.1508 6.56131 27.2546

28.8628 10.4163 27.5106
26.1948 9.98431 30.3116
23.6168 11.9443 28.2096
20.0128 11.2573 29.2786

18.0098 10.2663 26.1676
14.9248 8.29831 25.0016
14.8468 5.58131 22.2856
11.8448 4.48031 20.1416

12.1108 1.75831 17.4436
10.2778 -1.33769 16.0296
10.8558 -3.25469 19.3386
9.42184 -0.505694 21.6546
5.90884 -1.51069 22.8436
2.74584 0.585306 22.1876
2.37284 1.69331 25.8756

6.13084 2.33531 26.4626
6.12184 4.56031 23.2956
3.56084 6.89231 24.9596
5.40984 6.83731 28.3436
8.84584 7.62531 26.7356
7.10484 10.3943 24.7126
5.77084 11.8823 28.0126
9.24784 11.4993 29.6656
10.8958 13.5153 26.7976
8.04784 16.1153 26.8476
7.97384 16.6793 30.6586

11.6068 16.0163 31.7926
14.1908 18.7983 31.1066
16.9938 16.1703 31.5566
16.1828 14.1663 28.3786
18.1518 16.1473 25.7576

18.0098 13.6233 22.8446
15.2498 11.4523 21.3656
16.7118 8.59031 19.2356
13.8558 7.68031 16.8626
13.2818 5.15231 14.0746

11.9698 7.04831 10.9736
9.54084 4.13831 10.2646
8.47784 3.28931 13.8616
7.99084 6.88331 15.2286
6.26884 8.41231 12.0956
2.80784 7.93831 13.7836
0.809844 8.89431 16.9346
3.57684 10.6603 18.9296
4.02584 14.4323 19.6146
7.47884 15.9753 20.3236
6.64184 19.7103 20.7696
9.35184 20.0423 23.5226
12.1358 19.9773 20.8496
13.0198 22.7823 18.3526

15.4668 20.7053 16.2106
15.1578 17.5413 14.0686
18.3248 15.7743 12.7836
17.9478 13.1413 10.0396

21.1078 11.0183 10.4836
19.8988 8.99831 7.45264
17.8878 9.80131 4.30464
14.6948 7.83631 3.50864
13.6088 7.28231 -0.158363
9.96284 8.25431 0.586637

9.42284 12.0313 1.23464
5.94984 11.4833 2.79764
7.65084 9.61631 5.71764
10.2698 12.4123 6.13264
7.43284 15.0403 6.28664
5.55284 12.8003 8.82164
8.73084 12.7933 11.0016
9.20484 16.6443 10.7696

5.50684 17.1193 11.7876
6.18084 15.2723 15.0716
7.80184 18.5523 16.3366
5.86984 21.0743 14.1916
2.48584 20.5813 16.0156
-0.0541564 22.7553 17.8986
1.86984 23.6973 21.0956
5.17784 24.4693 19.2736
6.40684 28.0693 19.9876
9.92884 28.0003 18.3746
11.0318 27.9633 14.6886

11.6538 24.2823 13.8656
15.1438 23.4613 12.5336
15.4058 20.4103 10.1986
18.9668 19.1583 9.45764
19.4708 16.4743 6.74564
22.8908 14.7793 7.25364
24.4238 13.7633 3.85064

27.8128 12.2633 2.82864
29.5138 12.7823 -0.600363
30.6198 9.41731 -2.12436
27.5968 7.44231 -0.706363
23.9248 6.44231 -1.33236

22.9128 10.0263 -0.253363
24.2318 11.3703 -3.63736
21.4518 9.36231 -5.44736
18.7528 9.43931 -2.71336
18.7168 13.2533 -2.29336
17.9058 14.0953 -6.00736
15.3208 11.2083 -5.95736
13.6118 12.6453 -2.81336
13.6248 16.1583 -4.43036
11.9318 15.0753 -7.71236
9.33084 13.1503 -5.59736
8.48884 16.2853 -3.47836
8.12884 18.2773 -6.75036
5.65584 15.6323 -8.11536
3.73384 15.8983 -4.78336
3.74884 19.7623 -4.94736
2.52184 19.8463 -8.61736

-0.351156 17.5243 -7.50036
-1.15116 20.0663 -4.65536
-0.0751564 17.4653 -2.01136
2.94484 19.3723 -0.535363
4.11984 22.9873 0.0366369
7.57784 21.5483 0.771637
10.0518 22.6843 -1.87336
13.4918 21.0123 -1.40036
15.3768 22.8183 -4.28936

16.3828 25.9073 -2.20736
18.4308 23.7183 0.235637
20.7778 22.4013 -2.54336
21.6288 25.7983 -4.10236

22.8938 26.7573 -0.572363
25.3788 23.7843 -0.149363

End chain 1
