40.972 18.575 30.58
39.065 20.592 28.045
39.495 19.566 24.458

38.012 20.93 21.288
38.531 18.508 18.481
37.8 19.67 15.009
36.9 17.7 11.92
39.59 16.983 9.34
40.576 18.901 6.296

38.161 19.277 3.4
38.52 19.868 -0.284
35.355 21.361 -1.634
34.198 22.716 -4.98
33.325 26.288 -5.523
29.649 26.993 -5.018
29.432 24.041 -2.657

28.971 24.166 1.094
30.998 22.531 3.842
30.26 21.983 7.469
32.956 21.707 10.107
32.466 20.138 13.49
33.942 20.817 16.883
33.404 18.116 19.403
34.057 19.331 22.878

34.817 17.378 26.003
36.007 17.913 29.542
33.42 20.512 30.499
29.71 21.233 30.367
29.034 22.26 26.787

25.903 24.268 27.564
27.858 26.43 30.006
30.188 28.149 27.541

29.764 30.215 24.396
31.509 28.88 21.313
33.181 31.234 18.846
34.651 30.559 15.43
37.649 32.271 13.85
39.039 32.231 10.332
42.669 32.538 9.431
43.673 32.938 5.827

47.004 32.662 4.03
48.1 36.052 5.367
47.574 34.481 8.766
45.191 37.285 9.536

42.624 36.459 12.199
38.943 37.218 11.824
36.051 36.624 14.181

33.249 34.959 12.257
30.641 34.558 14.986

29.562 32.699 18.102
26.643 30.727 19.492
25.191 30.145 22.898
24.803 26.448 23.145

22.062 26.576 25.721
19.639 28.696 23.682
21.083 28.429 20.176

21.228 32.203 19.84

23.951 33.412 17.557
25.913 36.55 16.795
27.705 36.933 13.494
30.266 39.273 12.087
28.419 41.116 9.361

31.093 40.195 6.878
30.191 36.533 7.536
26.403 36.898 7.681
25.879 35.441 4.217
28.746 32.943 4.54
28.42 31.094 7.825

25.816 29.316 9.903
26.527 28.102 13.413
24.592 25.304 15.08

24.998 22.998 18.034
24.041 19.456 18.946
23.649 19.414 22.71

23.425 15.646 22.941
26.781 15.293 21.162
28.309 18.317 22.876

29.407 19.399 19.428

29.259 22.72 17.608
29.091 23.055 13.852
29.847 25.788 11.368
28.72 25.473 7.821
29.909 27.715 5.045
27.967 28.201 1.841

28.64 29.53 -1.653
32.292 28.669 -1.305
34.896 30.664 -3.165
38.685 30.553 -3.177

38.485 33.405 -0.712
36.999 30.854 1.678
40.114 28.704 1.644

41.546 29.081 5.108

41.979 27.482 8.488

38.934 27.644 10.725
39.128 27.453 14.481
36.477 26.793 17.043
37.036 28.296 20.426
35.61 28.441 23.966
34.804 31.703 25.613
35.321 31.988 29.348
34.128 34.508 31.817
36.656 35.197 34.499

33.884 36.244 36.848
34.63 39.864 36.188
33.003 41.19 32.97
35.975 39.969 31.033
35.702 37.586 28.151
38.495 35.688 26.521
38.922 32.725 24.252
40.484 30.249 26.7
40.665 27.176 24.574

41.113 26.742 20.871
40.598 23.81 18.559
43.316 22.417 16.28
41.89 24.195 13.292
40.509 22.765 10.071
41.998 23.575 6.704
39.433 24.042 3.999
40.607 24.294 0.438
38.166 25.432 -2.192

39.195 24.277 -5.629
37.952 22.743 -8.837
41.016 20.508 -8.877
40.554 16.893 -7.878
42.318 15.339 -4.939

45.301 13.136 -5.41
47.159 11.157 -2.777
50.84 11.454 -2.249
53.521 9.059 -3.341
55.953 8.353 -0.539
59.57 7.641 -1.338
62.396 6.834 0.961
65.228 9.244 1.597

68.332 7.257 2.395
71.953 8.066 1.881
73.934 6.143 -0.615
76.242 5.123 2.154
77.369 5.729 5.714
80.986 4.729 5.01
83.245 6.427 7.518
80.545 7.498 9.858
79.882 11.037 10.885
78.486 12.123 14.192
74.945 11.969 12.891
72.983 10.136 10.222
69.835 11.328 8.5
66.972 9.638 6.685
63.507 10.673 5.642

60.498 10.308 3.407
59.583 12.351 0.38
55.869 12.992 0.156
55.295 13.967 -3.416

52.593 15.201 -5.734
49.557 15.576 -3.49
46.581 17.925 -3.436
45.234 19.527 -1.444
47.142 19.96 1.72
47.596 19.076 4.441
49.492 15.855 4.992
50.566 14.566 8.384
53.72 12.624 8.938
54.825 10.638 11.959
57.729 8.306 12.554
57.549 4.886 14.16

53.88 5.503 14.807
54.696 8.526 16.933
57.395 6.743 18.885

60.145 8.861 17.382
59.63 12.605 17.771
63.126 13.906 18.465
65.265 15.232 15.648
62.367 15.11 13.229

61.803 17.98 10.843
58.777 17.938 8.587
59.152 20.688 6.019
56.366 22.891 4.922
54.856 21.92 1.602
55.933 23.705 -1.534
53.588 24.258 -4.411
55.128 22.821 -7.548
54.734 24.624 -10.865

52.376 21.789 -11.339
49.28 22.171 -9.326
50.579 19.642 -6.836
52.259 19.869 -3.402
55.45 18.166 -2.239
57.031 17.833 1.183

59.843 15.938 2.876
60.15 14.766 6.461
63.552 13.903 7.833
65.025 12.653 11.062
68.567 12.767 12.33
70.051 10.433 14.924

73.417 10.159 16.542
75.533 7.642 14.698

75.973 5.482 17.766
72.197 5.251 18.247
71.252 4.704 14.608
71.412 0.889 14.794
69.011 0.868 17.726

65.795 1.171 15.693
63.992 0.817 12.4
62.689 3.973 10.801
59.296 4.082 9.202

57.35 7.178 8.253
53.591 7.202 8.581
51.901 9.505 6.103
48.237 10.454 6.232

46.385 12.378 3.531
42.777 12.738 4.64

41.278 14.212 1.532
42.566 11.314 -0.529
41.962 8.873 2.308

45.521 7.712 1.765
47.57 6.186 4.539
50.983 4.864 3.776
53.839 3.476 5.786
57.288 3.567 4.314
60.178 1.88 6
63.447 3.464 5.115
65.946 0.643 4.75
69.105 1.215 6.803
71.238 -0.902 4.479

73.438 -1.851 7.397
74.877 -5.044 5.9
77.366 -5.765 3.148
78.766 -8.932 1.376
82.148 -9.965 -0.133
83.083 -6.365 -0.707
84.272 -4.672 -3.873
86.508 -1.865 -2.384

90.125 -1.975 -3.399
93.076 -0.962 -1.262
94.323 2.581 -1.311
97.831 3.165 -2.569

100.658 2.654 -0.139
103.994 4.199 -1.074
107.236 2.294 -0.981
109.917 1.013 -3.229
109.141 -1.697 -5.699
111.099 -4.813 -6.418

End chain 1
28.8048 49.1238 10.9086
31.8087 49.8206 13.0888

35.054 49.5905 11.2152
38.1272 48.5512 13.1268
41.3961 49.6166 11.6087
44.8341 48.3965 12.3169
46.8909 50.5663 10.0529

50.1095 48.6812 10.4704
49.6092 45.2461 8.99657
53.2329 44.2649 9.43033
55.3526 45.1849 12.4092
58.9897 44.3801 12.8784
60.2208 43.9107 16.4385
63.3826 42.7195 18.162
63.3921 40.0255 20.7813
63.1813 41.5136 24.2544
61.7493 44.701 22.8277

58.4123 46.2157 23.7986
55.904 45.9765 21.0171
52.7009 47.8989 20.6163
49.8859 46.9854 18.2634
47.222 49.5946 17.6919
43.5882 49.4148 16.6658
41.1565 52.292 16.146
37.3881 52.1652 15.8402
35.3271 54.3964 13.5825

33.119 55.1618 16.5752
33.4733 54.8781 20.3492
33.3779 51.2353 21.4693
33.281 51.9986 25.1896
36.0747 49.5471 25.9616
34.223 46.6092 24.5042
37.3247 45.37 22.7621

39.0585 42.0047 22.7331
42.4165 40.9453 21.3223
43.1688 37.6274 19.6672
46.3963 35.9522 18.6423
46.522 33.702 15.6353
49.6379 31.7347 15.0251

50.8237 30.4725 11.7256
49.0855 27.1367 12.3118
45.8732 29.057 12.0564
45.0976 28.4048 15.6949

43.4239 31.3275 17.461
43.563 32.2173 21.1352
41.9879 35.0074 23.1518

44.5992 37.1304 24.8932
42.6929 40.0616 26.3489
39.0581 40.908 26.9605
37.2972 44.1435 27.8741
40.3977 45.9768 26.6908
42.4581 45.3213 29.8423
41.6965 41.8964 31.2342

44.1186 39.0675 30.6353
42.659 35.742 29.7019
43.739 33.052 32.094

46.8675 31.3202 30.9243
48.1376 34.3658 29.0851
51.4916 35.5837 30.1536
51.7263 38.8456 32.0578

53.8708 40.2845 29.3063
50.645 40.9378 27.4305
48.6546 43.9899 28.4244

45.8282 45.9764 26.8589
45.0226 49.6563 27.0809
42.9301 52.4423 25.5914
39.4025 53.7963 25.6262
37.0185 55.4762 23.2573
38.2038 54.8078 19.7114
41.8269 53.8772 20.303
43.1634 50.6788 21.821

46.5676 49.0463 22.0417
47.9607 45.6227 22.8188
51.4171 45.756 24.3247
53.9744 43.0707 24.8211
56.4025 44.123 27.4944

59.2296 41.9484 26.3254
58.8614 40.0516 23.1055
59.5113 36.33 23.0903
59.9496 34.125 20.0689

56.6732 32.2851 20.7773
54.9506 35.6316 20.22
55.3077 35.3045 16.4484

51.7281 35.5809 15.2337
49.0804 37.9004 13.85
47.1233 39.9346 16.3575
43.5475 41.0285 15.8065
41.2919 43.4294 17.6826
37.5365 42.8443 17.8287
34.7368 45.1126 19.0488
31.5737 43.8481 20.7757

29.9951 47.2808 21.2628
27.5417 46.8512 18.4222
26.3882 44.1963 16.0085
27.7675 43.0882 13.7453

30.9184 42.2886 15.6268
33.8551 43.4699 13.5544
37.5786 42.7099 13.6146
40.6463 44.7161 12.7013
42.7464 43.7854 9.65578
45.3801 42.2571 11.9005
49.0366 42.914 12.5532
51.59 40.2595 11.8301
54.9097 40.4699 13.5813
58.238 40.0198 11.8566
60.6837 39.1603 14.5692
64.2196 40.3111 14.1589

67.0007 38.2524 15.5963
70.6916 37.7687 14.9344
71.811 36.7074 11.4949

72.1012 32.9891 10.93
73.199 31.349 7.7012
71.2056 28.5488 6.23272
72.3175 24.9482 6.07577
71.677 23.8527 2.55656

70.6788 20.4834 1.10806

69.8931 19.2781 -2.39918
67.6191 16.3731 -3.3534
67.4119 14.6527 -6.70942
64.1831 13.5177 -8.25503
63.0759 10.0069 -7.41822
62.724 7.34334 -10.0738

59.1737 6.97781 -8.89928
58.502 10.5144 -10.0719
60.7 10.2902 -13.1694
58.76 7.443 -14.6753
55.7644 9.77358 -14.925

57.6854 12.176 -17.1215
58.4997 15.0325 -14.7796

61.5162 15.6858 -12.5806
61.5378 17.8806 -9.50865
64.8104 18.8635 -7.91867
64.6212 20.4868 -4.54948
67.0386 22.5849 -2.60347
66.4156 23.3254 1.05204
67.6817 26.2779 3.06896
67.2349 25.4447 6.71594

66.8765 27.7065 9.76063
68.2062 31.0664 8.58454
67.583 34.7614 9.26504
66.9213 37.229 7.69546
64.4449 35.9692 5.13966
66.161 37.5221 2.12003
68.1382 34.8964 0.250636

69.1372 34.2363 -3.32896
68.7115 30.7386 -4.58532
70.3996 30.0611 -7.87284
69.9524 26.9211 -9.97275
72.7124 25.6323 -12.2368
72.4902 22.7629 -14.6522

75.7809 21.5637 -16.0796
76.8401 25.0499 -15.011
74.1518 26.7181 -17.0553

72.0908 28.9593 -14.918
68.405 28.4885 -15.0239
65.6625 31.0559 -14.9976

61.8924 30.7696 -14.8252
61.8029 27.0667 -14.0131
61.6808 27.16 -10.2329

59.3329 28.1403 -7.42235
60.1713 28.9477 -3.83009
58.228 28.438 -0.619549
59.0664 29.8094 2.79206
57.8574 28.7009 6.16717
56.6339 31.1152 8.77369
59.1894 32.1561 11.3604
59.8475 29.4036 13.8746
58.4095 29.9537 17.3208

61.5522 28.8657 19.1255
64.4413 30.0956 16.9352
62.6383 32.7738 14.8743

64.3383 31.4637 11.7407

62.9249 30.7271 8.299
63.3246 27.7075 6.06284
62.9261 27.8547 2.31245
62.5658 25.3413 -0.48559
63.3678 25.9302 -4.11929
62.0123 23.4025 -6.57506
63.2203 23.1926 -10.1227
60.8351 21.4076 -12.4414

62.1145 19.8317 -15.6521
60.7537 17.3601 -18.1391
62.2072 13.8915 -17.8271

63.8827 14.2893 -21.179
65.4963 17.5182 -20.1188
66.5899 16.0626 -16.8071
68.2984 13.1383 -18.5002
70.0306 15.5743 -20.81
72.3573 16.893 -18.133

74.7389 15.5174 -15.4981
75.0273 18.0137 -12.7436
72.4215 19.8941 -10.8045
73.5317 22.5342 -8.38216

71.891 25.0244 -6.04722
73.8658 28.1034 -5.11426
72.8187 30.0434 -2.07132
73.7491 33.6013 -1.21575

72.8665 34.9996 2.18554
74.0101 37.6945 4.59058

75.1147 34.9842 6.98637
77.4357 33.3548 4.53141
80.6684 34.9784 3.43325

80.6717 33.4477 -0.0366874

77.9271 31.518 -1.67776
77.3246 27.9118 -0.729626
76.7714 25.3375 -3.41237
75.3265 21.8804 -3.14418

75.0813 19.6116 -6.13666

74.8748 16.0338 -7.30658
75.8194 14.3148 -10.5359
72.9854 12.3219 -12.0177

73.7154 9.23616 -13.8618
74.9394 8.39668 -17.2767
77.7819 6.16004 -18.2195

End chain 2
41.105 -18.209 -30.143
39.151 -20.598 -28.01
39.504 -19.715 -24.388

37.986 -20.946 -21.166
38.514 -18.414 -18.44
37.711 -19.653 -14.962
36.948 -17.628 -11.869
39.643 -16.957 -9.28
40.641 -18.855 -6.223

38.213 -19.084 -3.373
38.293 -19.605 0.399
35.253 -21.312 1.718
34.191 -22.636 5.091
33.286 -26.194 5.623
29.605 -26.86 5.097
29.402 -23.925 2.708

28.916 -24.042 -1.046
31.029 -22.564 -3.832
30.211 -21.723 -7.427
32.95 -21.734 -10.056
32.485 -20.132 -13.446
33.907 -20.912 -16.861
33.445 -18.123 -19.324
34.032 -19.35 -22.817

34.804 -17.377 -25.929
35.996 -17.909 -29.466
33.433 -20.54 -30.394
29.724 -21.285 -30.314
29.025 -22.251 -26.724

25.985 -24.37 -27.52
27.96 -26.478 -29.989
30.254 -28.218 -27.498

29.803 -30.249 -24.317
31.595 -28.934 -21.258
33.195 -31.242 -18.712
34.679 -30.561 -15.313
37.662 -32.263 -13.696
39.054 -32.261 -10.186
42.751 -32.26 -9.343
43.668 -32.929 -5.715

46.976 -32.596 -3.895
48.058 -36 -5.207
47.623 -34.449 -8.635
45.217 -37.237 -9.401

42.639 -36.409 -12.033
38.982 -37.196 -11.675
36.053 -36.611 -14.005
33.258 -34.791 -12.173
30.637 -34.597 -14.909
29.564 -32.768 -18.042
26.719 -30.699 -19.416
25.239 -30.186 -22.847
24.852 -26.468 -23.121

22.153 -26.659 -25.717
19.831 -28.982 -23.721
21.07 -28.418 -20.203

21.305 -32.187 -19.862

24.037 -33.419 -17.584
25.945 -36.565 -16.672
27.722 -36.925 -13.37
30.293 -39.238 -11.93
28.458 -41.114 -9.218

31.076 -40.132 -6.701
30.162 -36.482 -7.392
26.369 -36.842 -7.562
25.851 -35.397 -4.099
28.687 -32.867 -4.436
28.396 -31.033 -7.726

25.819 -29.338 -9.866
26.503 -28.117 -13.374
24.581 -25.326 -15.052

24.974 -23.057 -18.032
24.007 -19.525 -18.945
23.711 -19.479 -22.714

23.365 -15.716 -22.835
26.775 -15.203 -21.225
28.248 -18.36 -22.8

29.416 -19.438 -19.374

29.264 -22.748 -17.549
29.133 -23.094 -13.794
29.8 -25.796 -11.238
28.652 -25.427 -7.715
29.881 -27.689 -4.99
27.968 -28.062 -1.747

28.604 -29.4 1.75
32.266 -28.605 1.366
34.862 -30.47 3.369
38.646 -30.456 3.266

38.471 -33.308 0.801
36.984 -30.761 -1.596
40.085 -28.612 -1.524

41.523 -29.006 -4.99

41.972 -27.415 -8.374

38.943 -27.604 -10.629
39.181 -27.503 -14.387
36.58 -26.731 -16.969
37.089 -28.363 -20.35
35.54 -28.46 -23.8
34.826 -31.698 -25.594
35.648 -31.884 -29.252
34.293 -34.332 -31.742
36.696 -35.301 -34.447

33.859 -36.29 -36.753
34.082 -39.993 -36.076
32.892 -40.91 -32.579
36.117 -39.846 -30.971
35.782 -37.57 -27.996
38.545 -35.686 -26.274
38.953 -32.641 -24.075
40.43 -30.302 -26.659
40.67 -27.169 -24.537

41.128 -26.746 -20.825
40.617 -23.812 -18.525
43.323 -22.412 -16.269
41.903 -24.118 -13.191
40.49 -22.736 -9.966
41.994 -23.518 -6.595
39.41 -23.93 -3.929
40.556 -24.198 -0.381
38.151 -25.366 2.261

39.168 -24.232 5.69
37.957 -22.648 8.902
41.004 -20.394 8.954
40.547 -16.79 7.928
42.29 -15.237 4.974

45.471 -13.329 5.571
47.193 -11.175 2.951
50.893 -11.482 2.446
53.583 -9.076 3.499
56.009 -8.37 0.699
59.619 -7.667 1.529
62.446 -6.88 -0.784
65.288 -9.281 -1.441

68.348 -7.227 -2.214
71.983 -8.036 -1.802
74.103 -6.402 0.848
76.265 -5.117 -1.922
77.398 -5.696 -5.416
79.796 -8.596 -5.125

82.989 -8.642 -7.163
81.554 -7.941 -10.622
79.902 -11.224 -11.213

78.349 -12.282 -14.425

74.943 -12.015 -12.814
73.03 -10.124 -10.121
69.924 -11.352 -8.306
66.998 -9.56 -6.708
63.594 -10.677 -5.464

60.534 -10.308 -3.276
59.635 -12.354 -0.226
55.931 -13.004 0.015
55.403 -13.965 3.609

52.632 -15.422 5.758
49.552 -15.542 3.607
46.597 -17.901 3.558
45.431 -19.58 1.565
47.203 -19.948 -1.678
47.618 -19.064 -4.397
49.566 -15.868 -4.857
50.6 -14.555 -8.248
53.751 -12.608 -8.791
54.85 -10.597 -11.798
57.781 -8.307 -12.392
57.573 -4.875 -13.975

53.904 -5.492 -14.657
54.72 -8.525 -16.762
57.399 -6.735 -18.731

60.162 -8.821 -17.186
59.665 -12.566 -17.669
63.158 -13.844 -18.356
65.267 -15.16 -15.522
62.44 -15.079 -13.029

61.86 -17.962 -10.699
58.822 -17.909 -8.471
59.196 -20.658 -5.897
56.435 -22.888 -4.81
54.901 -21.966 -1.485
55.983 -23.748 1.64
53.642 -24.37 4.517
55.136 -22.73 7.575
54.849 -24.286 11.036

52.357 -21.55 11.453
49.287 -21.999 9.454
50.712 -19.571 6.899
52.313 -19.933 3.466
55.439 -18.166 2.227
57.191 -17.888 -1.135

59.968 -15.956 -2.729
60.203 -14.728 -6.309
63.599 -13.937 -7.683
65.047 -12.628 -10.9
68.587 -12.74 -12.232
70.08 -10.355 -14.764

73.442 -10.1 -16.397
75.57 -7.595 -14.534

75.964 -5.408 -17.593
72.192 -5.229 -18.122
71.271 -4.722 -14.46
71.431 -0.929 -14.73
68.966 -0.982 -17.574

65.763 -1.135 -15.546
64.019 -0.798 -12.185
62.72 -3.94 -10.539
59.255 -4.118 -9.046

57.444 -7.214 -7.938
53.683 -7.205 -8.393
51.961 -9.504 -5.94
48.287 -10.364 -6.05
46.445 -12.352 -3.399
42.852 -12.612 -4.547

41.351 -14.167 -1.482
42.662 -11.284 0.613
41.969 -8.786 -2.122

45.527 -7.706 -1.585
47.645 -6.273 -4.321
51.045 -4.882 -3.58
53.854 -3.508 -5.649
57.272 -3.542 -4.168
60.203 -1.848 -5.776
63.441 -3.455 -4.848
65.919 -0.624 -4.568
69.084 -1.3 -6.554
71.261 0.892 -4.308

73.467 1.834 -7.212
75.013 4.98 -5.831
77.514 5.597 -3.09
78.379 8.725 -1.073
81.648 9.103 0.786
84.874 7.662 -0.504
84.629 3.92 -1.183
86.604 2.961 1.931
87.452 4.288 5.348
89.802 7.207 5.716
91.215 9.275 8.492
89.34 12.429 9.44
92.404 14.629 8.842
92.848 16.068 5.366
96.25 16.222 3.729
98.93 13.936 4.948
98.658 11.826 8.063
100.706 12.254 11.198

End chain 3
40.6128 -55.2669 -23.3295
43.565 -55.199 -25.6635

46.855 -55.0377 -23.8282
49.7787 -53.2055 -25.3698
53.1062 -54.3736 -24.0492
56.3588 -52.5399 -24.3631
58.6828 -55.0091 -22.7549

61.6987 -52.7854 -22.6743
60.9286 -49.7679 -20.5312
64.42 -48.3402 -20.7105
66.6321 -48.3862 -23.763
70.1285 -47.0759 -23.9983
71.3231 -45.8158 -27.3615
74.2891 -43.9054 -28.7254
74.0096 -40.6943 -30.7424
74.0823 -41.5952 -34.4631
72.8732 -45.1649 -33.8553

69.5966 -46.5798 -35.1043
67.1399 -47.3627 -32.3497
64.0698 -49.5234 -32.3596
61.286 -49.5065 -29.8473
58.8285 -52.3158 -29.9952
55.2542 -52.8508 -28.8794
53.1061 -55.9529 -29.1318
49.3485 -56.2868 -28.7912
47.5016 -59.1192 -27.1

45.4654 -59.5225 -30.2831
45.5876 -58.3473 -33.8983
45.4353 -54.5568 -34.1784
45.0194 -54.4681 -37.9385
47.6443 -51.7128 -38.1112
45.5606 -49.2922 -36.1242
48.5231 -48.2041 -34.0847

49.9519 -44.767 -33.3327
53.2071 -43.6866 -31.7001
53.6041 -40.7408 -29.3641
56.6482 -39.024 -27.9338
56.6192 -37.395 -24.5615
59.4336 -35.0894 -23.5271

60.5862 -34.8077 -20.0051
58.6115 -31.5737 -19.7057
55.5134 -33.6898 -20.105
54.5816 -32.4185 -23.5267

53.2215 -35.0742 -25.8491
53.4115 -35.1614 -29.6325
52.1339 -37.5743 -32.2454

54.9423 -39.0089 -34.3356
53.3311 -41.7346 -36.4157
49.7914 -42.7871 -37.2068
48.33 -45.8869 -38.8223
51.5605 -47.7382 -38.1286
53.7082 -45.9692 -40.6555
52.4935 -42.5559 -41.6386

54.6236 -39.7032 -40.3981
52.831 -36.8299 -38.7943
53.6364 -33.5747 -40.509

56.5568 -31.7765 -38.963
58.0733 -35.0477 -37.8304
61.5554 -35.6957 -39.0436
62.1361 -38.4067 -41.6217

64.4167 -40.0978 -39.098
61.2918 -41.5646 -37.5761
59.6268 -44.5235 -39.2164

57.034 -47.0656 -38.1324
56.5509 -50.6637 -39.1746
54.7956 -53.9108 -38.3274
51.4099 -55.5517 -38.6843

49.1992 -57.8985 -36.7482
50.444 -57.9938 -33.162
53.9093 -56.5304 -33.4876

54.8626 -52.9459 -34.2209

58.101 -50.9872 -34.0471
59.147 -47.3622 -34.1157
62.5793 -46.8538 -35.5598
64.8637 -43.8759 -35.3776
67.3014 -44.0294 -38.2574

69.9203 -41.9358 -36.5389
69.4503 -40.6451 -32.9999
69.6972 -36.9557 -32.349
69.8827 -35.5291 -28.8804

66.4402 -33.9281 -29.2631
65.1122 -37.4802 -29.369
65.4657 -37.9169 -25.6042

61.9584 -38.8226 -24.5203
59.5793 -41.6374 -23.6662
57.8188 -43.2911 -26.5694
54.3778 -44.8228 -26.3211
52.3956 -47.0699 -28.6413
48.589 -46.7668 -28.7497
45.984 -49.0214 -30.3625

42.7138 -47.7126 -31.8803
41.4452 -51.0822 -33.1216
39.0095 -51.5468 -30.2621
37.6656 -49.6556 -27.2771
38.9285 -48.9151 -24.873

41.9356 -47.3614 -26.5114
44.9922 -48.7144 -24.7649
48.6215 -47.5656 -24.5882
51.8928 -49.3865 -24.0947
53.933 -48.9135 -20.9088
56.3684 -46.6768 -22.7412
60.0609 -46.7993 -23.4934
62.3753 -44.1511 -22.0923
65.6206 -43.5995 -23.9252
68.9246 -43.1212 -22.1661
71.2968 -41.5277 -24.634
74.9457 -42.5067 -24.5535

77.3623 -39.7146 -25.2196
81.0424 -39.0282 -24.6662
82.1651 -38.5496 -21.0922
82.057 -35.0476 -19.7074

83.0388 -34.0829 -16.1839
80.7772 -31.8975 -14.178
81.5121 -28.3418 -13.1577
80.8942 -28.1262 -9.45086

79.5511 -25.2744 -7.34288

78.6689 -24.9735 -3.6649
76.1001 -22.6503 -2.07495
75.7371 -21.7693 1.57904
72.4588 -21.2838 3.3328
70.9742 -17.8045 3.24912
70.4352 -15.9308 6.47273

66.8362 -15.5542 5.42837
66.5306 -19.3286 5.71099
68.7424 -19.5832 8.80278
66.4925 -17.2858 10.7477
63.7846 -19.9541 10.567

65.981 -22.5707 12.1903
67.0339 -24.7651 9.29102

70.0818 -24.6331 7.03293
70.2853 -26.0345 3.53808
73.6492 -26.3775 1.82158
73.597 -27.1187 -1.87988
76.1611 -28.6794 -4.18664
75.6067 -28.4641 -7.9292
77.0949 -30.7865 -10.5304
76.4955 -29.2532 -13.9096

76.3137 -30.7846 -17.39
78.034 -34.1392 -16.9902
77.8068 -37.6087 -18.5178
77.449 -40.4221 -17.5241
74.8564 -40.1437 -14.7804
76.7886 -42.0678 -12.1469
78.5079 -39.7085 -9.74003

79.5104 -39.7702 -6.1039
78.8446 -36.6854 -4.08919
80.5244 -36.5019 -0.729527
79.7705 -33.9049 1.99587

82.1565 -33.1211 4.81601
81.8667 -30.6712 7.58635

85.0509 -29.8598 9.40047
86.595 -32.8105 7.62751
83.945 -35.1834 8.87873

82.1836 -37.318 6.32011
78.4514 -36.8599 6.56945
75.8652 -39.5161 5.93354

72.0686 -39.6666 5.89994
71.7227 -35.8622 5.90336
71.5989 -35.162 2.15891

69.1646 -35.6686 -0.693489
69.9956 -35.7931 -4.37903
67.9946 -34.6549 -7.43916
68.8698 -35.224 -11.0607
67.5492 -33.4835 -14.128
66.4924 -35.3261 -17.2449
69.1374 -35.4963 -19.9109
69.5613 -32.2773 -21.8759
68.0069 -32.1875 -25.3192

70.9857 -30.4774 -26.9167
73.904 -31.6844 -24.7755
72.5398 -35.0242 -23.5231

74.1642 -34.2828 -20.1704

72.7071 -34.4389 -16.6826
72.815 -31.9804 -13.8202
72.7412 -33.0348 -10.1799
71.9531 -31.2671 -6.92621
72.922 -32.509 -3.48056
71.3252 -30.7408 -0.564806
72.6215 -31.1693 2.93543
70.1372 -30.1005 5.53511

71.0289 -29.3318 9.12584
69.4925 -27.5227 12.0581
70.6857 -23.9817 12.5692

72.4356 -25.0157 15.7248
74.3132 -27.7639 13.9957
75.1953 -25.4811 11.1061
76.6563 -22.8493 13.4195
78.6372 -25.5834 15.1437
80.9593 -26.07 12.1767

83.1823 -23.809 10.0819
83.9875 -25.6948 6.89783
81.5564 -27.2116 4.45158
82.5649 -28.9388 1.33471

81.451 -31.2633 -1.36344
83.7866 -33.651 -3.06568
82.7132 -35.0733 -6.36107
83.996 -38.221 -7.9949

83.1933 -38.9038 -11.6279
84.5472 -40.8006 -14.6159

85.3573 -37.4728 -16.2446
87.6017 -36.3638 -13.3949
90.9563 -37.9732 -12.7862

90.818 -36.9978 -9.14359

87.9556 -35.8215 -7.05406
87.0647 -32.1679 -7.19236
86.1658 -30.3325 -4.01604
84.2573 -27.1081 -3.55507

84.3682 -25.5291 -0.15533

83.2836 -22.604 1.93256
84.0211 -21.3571 5.42606
81.2333 -20.0549 7.53405
82.9276 -16.6672 7.9101

84.157 -16.5041 11.4548
87.4109 -14.7031 12.0033

End chain 4
