40.972 18.575 30.58
39.065 20.592 28.045
39.495 19.566 24.458

38.012 20.93 21.288
38.531 18.508 18.481
37.8 19.67 15.009
36.9 17.7 11.92
39.59 16.983 9.34
40.576 18.901 6.296

38.161 19.277 3.4
38.52 19.868 -0.284
35.355 21.361 -1.634
34.198 22.716 -4.98
33.325 26.288 -5.523
29.649 26.993 -5.018
29.432 24.041 -2.657

28.971 24.166 1.094
30.998 22.531 3.842
30.26 21.983 7.469
32.956 21.707 10.107
32.466 20.138 13.49
33.942 20.817 16.883
33.404 18.116 19.403
34.057 19.331 22.878

34.817 17.378 26.003
36.007 17.913 29.542
33.42 20.512 30.499
29.71 21.233 30.367
29.034 22.26 26.787

25.903 24.268 27.564
27.858 26.43 30.006
30.188 28.149 27.541

29.764 30.215 24.396
31.509 28.88 21.313
33.181 31.234 18.846
34.651 30.559 15.43
37.649 32.271 13.85
39.039 32.231 10.332
42.669 32.538 9.431
43.673 32.938 5.827

47.004 32.662 4.03
48.1 36.052 5.367
47.574 34.481 8.766
45.191 37.285 9.536

42.624 36.459 12.199
38.943 37.218 11.824
36.051 36.624 14.181

33.249 34.959 12.257
30.641 34.558 14.986

29.562 32.699 18.102
26.643 30.727 19.492
25.191 30.145 22.898
24.803 26.448 23.145

22.062 26.576 25.721
19.639 28.696 23.682
21.083 28.429 20.176

21.228 32.203 19.84

23.951 33.412 17.557
25.913 36.55 16.795
27.705 36.933 13.494
30.266 39.273 12.087
28.419 41.116 9.361

31.093 40.195 6.878
30.191 36.533 7.536
26.403 36.898 7.681
25.879 35.441 4.217
28.746 32.943 4.54
28.42 31.094 7.825

25.816 29.316 9.903
26.527 28.102 13.413
24.592 25.304 15.08

24.998 22.998 18.034
24.041 19.456 18.946
23.649 19.414 22.71

23.425 15.646 22.941
26.781 15.293 21.162
28.309 18.317 22.876

29.407 19.399 19.428

29.259 22.72 17.608
29.091 23.055 13.852
29.847 25.788 11.368
28.72 25.473 7.821
29.909 27.715 5.045
27.967 28.201 1.841

28.64 29.53 -1.653
32.292 28.669 -1.305
34.896 30.664 -3.165
38.685 30.553 -3.177

38.485 33.405 -0.712
36.999 30.854 1.678
40.114 28.704 1.644

41.546 29.081 5.108

41.979 27.482 8.488

38.934 27.644 10.725
39.128 27.453 14.481
36.477 26.793 17.043
37.036 28.296 20.426
35.61 28.441 23.966
34.804 31.703 25.613
35.321 31.988 29.348
34.128 34.508 31.817
36.656 35.197 34.499

33.884 36.244 36.848
34.63 39.864 36.188
33.003 41.19 32.97
35.975 39.969 31.033
35.702 37.586 28.151
38.495 35.688 26.521
38.922 32.725 24.252
40.484 30.249 26.7
40.665 27.176 24.574

41.113 26.742 20.871
40.598 23.81 18.559
43.316 22.417 16.28
41.89 24.195 13.292
40.509 22.765 10.071
41.998 23.575 6.704
39.433 24.042 3.999
40.607 24.294 0.438
38.166 25.432 -2.192

39.195 24.277 -5.629
37.952 22.743 -8.837
41.016 20.508 -8.877
40.554 16.893 -7.878
42.318 15.339 -4.939

45.301 13.136 -5.41
47.159 11.157 -2.777
50.84 11.454 -2.249
53.521 9.059 -3.341
55.953 8.353 -0.539
59.57 7.641 -1.338
62.396 6.834 0.961
65.228 9.244 1.597

68.332 7.257 2.395
71.953 8.066 1.881
73.934 6.143 -0.615
76.242 5.123 2.154
77.369 5.729 5.714
80.986 4.729 5.01
83.245 6.427 7.518
80.545 7.498 9.858
79.882 11.037 10.885
78.486 12.123 14.192
74.945 11.969 12.891
72.983 10.136 10.222
69.835 11.328 8.5
66.972 9.638 6.685
63.507 10.673 5.642

60.498 10.308 3.407
59.583 12.351 0.38
55.869 12.992 0.156
55.295 13.967 -3.416

52.593 15.201 -5.734
49.557 15.576 -3.49
46.581 17.925 -3.436
45.234 19.527 -1.444
47.142 19.96 1.72
47.596 19.076 4.441
49.492 15.855 4.992
50.566 14.566 8.384
53.72 12.624 8.938
54.825 10.638 11.959
57.729 8.306 12.554
57.549 4.886 14.16

53.88 5.503 14.807
54.696 8.526 16.933
57.395 6.743 18.885

60.145 8.861 17.382
59.63 12.605 17.771
63.126 13.906 18.465
65.265 15.232 15.648
62.367 15.11 13.229

61.803 17.98 10.843
58.777 17.938 8.587
59.152 20.688 6.019
56.366 22.891 4.922
54.856 21.92 1.602
55.933 23.705 -1.534
53.588 24.258 -4.411
55.128 22.821 -7.548
54.734 24.624 -10.865

52.376 21.789 -11.339
49.28 22.171 -9.326
50.579 19.642 -6.836
52.259 19.869 -3.402
55.45 18.166 -2.239
57.031 17.833 1.183

59.843 15.938 2.876
60.15 14.766 6.461
63.552 13.903 7.833
65.025 12.653 11.062
68.567 12.767 12.33
70.051 10.433 14.924

73.417 10.159 16.542
75.533 7.642 14.698

75.973 5.482 17.766
72.197 5.251 18.247
71.252 4.704 14.608
71.412 0.889 14.794
69.011 0.868 17.726

65.795 1.171 15.693
63.992 0.817 12.4
62.689 3.973 10.801
59.296 4.082 9.202

57.35 7.178 8.253
53.591 7.202 8.581
51.901 9.505 6.103
48.237 10.454 6.232

46.385 12.378 3.531
42.777 12.738 4.64

41.278 14.212 1.532
42.566 11.314 -0.529
41.962 8.873 2.308

45.521 7.712 1.765
47.57 6.186 4.539
50.983 4.864 3.776
53.839 3.476 5.786
57.288 3.567 4.314
60.178 1.88 6
63.447 3.464 5.115
65.946 0.643 4.75
69.105 1.215 6.803
71.238 -0.902 4.479

73.438 -1.851 7.397
74.877 -5.044 5.9
77.366 -5.765 3.148
78.766 -8.932 1.376
82.148 -9.965 -0.133
83.083 -6.365 -0.707
84.272 -4.672 -3.873
86.508 -1.865 -2.384

90.125 -1.975 -3.399
93.076 -0.962 -1.262
94.323 2.581 -1.311
97.831 3.165 -2.569

100.658 2.654 -0.139
103.994 4.199 -1.074
107.236 2.294 -0.981
109.917 1.013 -3.229
109.141 -1.697 -5.699
111.099 -4.813 -6.418

End chain 1
28.8048 49.1238 10.9086
31.8087 49.8206 13.0888

35.054 49.5905 11.2152
38.1272 48.5512 13.1268
41.3961 49.6166 11.6087
44.8341 48.3965 12.3169
46.8909 50.5663 10.0529

50.1095 48.6812 10.4704
49.6092 45.2461 8.99657
53.2329 44.2649 9.43033
55.3526 45.1849 12.4092
58.9897 44.3801 12.8784
60.2208 43.9107 16.4385
63.3826 42.7195 18.162
63.3921 40.0255 20.7813
63.1813 41.5136 24.2544
61.7493 44.701 22.8277

58.4123 46.2157 23.7986
55.904 45.9765 21.0171
52.7009 47.8989 20.6163
49.8859 46.9854 18.2634
47.222 49.5946 17.6919
43.5882 49.4148 16.6658
41.1565 52.292 16.146
37.3881 52.1652 15.8402
35.3271 54.3964 13.5825

33.119 55.1618 16.5752
33.4733 54.8781 20.3492
33.3779 51.2353 21.4693
33.281 51.9986 25.1896
36.0747 49.5471 25.9616
34.223 46.6092 24.5042
37.3247 45.37 22.7621

39.0585 42.0047 22.7331
42.4165 40.9453 21.3223
43.1688 37.6274 19.6672
46.3963 35.9522 18.6423
46.522 33.702 15.6353
49.6379 31.7347 15.0251

50.8237 30.4725 11.7256
49.0855 27.1367 12.3118
45.8732 29.057 12.0564
45.0976 28.4048 15.6949

43.4239 31.3275 17.461
43.563 32.2173 21.1352
41.9879 35.0074 23.1518

44.5992 37.1304 24.8932
42.6929 40.0616 26.3489
39.0581 40.908 26.9605
37.2972 44.1435 27.8741
40.3977 45.9768 26.6908
42.4581 45.3213 29.8423
41.6965 41.8964 31.2342

44.1186 39.0675 30.6353
42.659 35.742 29.7019
43.739 33.052 32.094

46.8675 31.3202 30.9243
48.1376 34.3658 29.0851
51.4916 35.5837 30.1536
51.7263 38.8456 32.0578

53.8708 40.2845 29.3063
50.645 40.9378 27.4305
48.6546 43.9899 28.4244

45.8282 45.9764 26.8589
45.0226 49.6563 27.0809
42.9301 52.4423 25.5914
39.4025 53.7963 25.6262
37.0185 55.4762 23.2573
38.2038 54.8078 19.7114
41.8269 53.8772 20.303
43.1634 50.6788 21.821

46.5676 49.0463 22.0417
47.9607 45.6227 22.8188
51.4171 45.756 24.3247
53.9744 43.0707 24.8211
56.4025 44.123 27.4944

59.2296 41.9484 26.3254
58.8614 40.0516 23.1055
59.5113 36.33 23.0903
59.9496 34.125 20.0689

56.6732 32.2851 20.7773
54.9506 35.6316 20.22
55.3077 35.3045 16.4484

51.7281 35.5809 15.2337
49.0804 37.9004 13.85
47.1233 39.9346 16.3575
43.5475 41.0285 15.8065
41.2919 43.4294 17.6826
37.5365 42.8443 17.8287
34.7368 45.1126 19.0488
31.5737 43.8481 20.7757

29.9951 47.2808 21.2628
27.5417 46.8512 18.4222
26.3882 44.1963 16.0085
27.7675 43.0882 13.7453

30.9184 42.2886 15.6268
33.8551 43.4699 13.5544
37.5786 42.7099 13.6146
40.6463 44.7161 12.7013
42.7464 43.7854 9.65578
45.3801 42.2571 11.9005
49.0366 42.914 12.5532
51.59 40.2595 11.8301
54.9097 40.4699 13.5813
58.238 40.0198 11.8566
60.6837 39.1603 14.5692
64.2196 40.3111 14.1589

67.0007 38.2524 15.5963
70.6916 37.7687 14.9344
71.811 36.7074 11.4949

72.1012 32.9891 10.93
73.199 31.349 7.7012
71.2056 28.5488 6.23272
72.3175 24.9482 6.07577
71.677 23.8527 2.55656

70.6788 20.4834 1.10806

69.8931 19.2781 -2.39918
67.6191 16.3731 -3.3534
67.4119 14.6527 -6.70942
64.1831 13.5177 -8.25503
63.0759 10.0069 -7.41822
62.724 7.34334 -10.0738

59.1737 6.97781 -8.89928
58.502 10.5144 -10.0719
60.7 10.2902 -13.1694
58.76 7.443 -14.6753
55.7644 9.77358 -14.925

57.6854 12.176 -17.1215
58.4997 15.0325 -14.7796

61.5162 15.6858 -12.5806
61.5378 17.8806 -9.50865
64.8104 18.8635 -7.91867
64.6212 20.4868 -4.54948
67.0386 22.5849 -2.60347
66.4156 23.3254 1.05204
67.6817 26.2779 3.06896
67.2349 25.4447 6.71594

66.8765 27.7065 9.76063
68.2062 31.0664 8.58454
67.583 34.7614 9.26504
66.9213 37.229 7.69546
64.4449 35.9692 5.13966
66.161 37.5221 2.12003
68.1382 34.8964 0.250636

69.1372 34.2363 -3.32896
68.7115 30.7386 -4.58532
70.3996 30.0611 -7.87284
69.9524 26.9211 -9.97275
72.7124 25.6323 -12.2368
72.4902 22.7629 -14.6522

75.7809 21.5637 -16.0796
76.8401 25.0499 -15.011
74.1518 26.7181 -17.0553

72.0908 28.9593 -14.918
68.405 28.4885 -15.0239
65.6625 31.0559 -14.9976

61.8924 30.7696 -14.8252
61.8029 27.0667 -14.0131
61.6808 27.16 -10.2329

59.3329 28.1403 -7.42235
60.1713 28.9477 -3.83009
58.228 28.438 -0.619549
59.0664 29.8094 2.79206
57.8574 28.7009 6.16717
56.6339 31.1152 8.77369
59.1894 32.1561 11.3604
59.8475 29.4036 13.8746
58.4095 29.9537 17.3208

61.5522 28.8657 19.1255
64.4413 30.0956 16.9352
62.6383 32.7738 14.8743

64.3383 31.4637 11.7407

62.9249 30.7271 8.299
63.3246 27.7075 6.06284
62.9261 27.8547 2.31245
62.5658 25.3413 -0.48559
63.3678 25.9302 -4.11929
62.0123 23.4025 -6.57506
63.2203 23.1926 -10.1227
60.8351 21.4076 -12.4414

62.1145 19.8317 -15.6521
60.7537 17.3601 -18.1391
62.2072 13.8915 -17.8271

63.8827 14.2893 -21.179
65.4963 17.5182 -20.1188
66.5899 16.0626 -16.8071
68.2984 13.1383 -18.5002
70.0306 15.5743 -20.81
72.3573 16.893 -18.133

74.7389 15.5174 -15.4981
75.0273 18.0137 -12.7436
72.4215 19.8941 -10.8045
73.5317 22.5342 -8.38216

71.891 25.0244 -6.04722
73.8658 28.1034 -5.11426
72.8187 30.0434 -2.07132
73.7491 33.6013 -1.21575

72.8665 34.9996 2.18554
74.0101 37.6945 4.59058

75.1147 34.9842 6.98637
77.4357 33.3548 4.53141
80.6684 34.9784 3.43325

80.6717 33.4477 -0.0366874

77.9271 31.518 -1.67776
77.3246 27.9118 -0.729626
76.7714 25.3375 -3.41237
75.3265 21.8804 -3.14418

75.0813 19.6116 -6.13666

74.5235 16.6162 -8.31514
73.0456 13.4889 -9.81279
71.6069 10.2573 -11.1308

72.0316 8.99662 -14.6268
75.1967 8.00095 -16.6643
78.2554 7.07686 -18.6726

End chain 2
40.6465 -16.9885 -29.979
38.8629 -19.4811 -27.8156
39.2532 -18.5967 -24.1977

37.8718 -19.9156 -20.9492
38.3343 -17.3718 -18.2222
37.673 -18.664 -14.7338
36.88 -16.6927 -11.6138
39.596 -15.8986 -9.08219
40.7564 -17.7571 -6.05842

38.4079 -18.1192 -3.15606
38.5991 -18.6513 0.610385
35.6787 -20.5137 1.98799
34.7606 -21.9033 5.37682
34.0466 -25.5043 5.91001
30.3924 -26.3514 5.46298
29.9892 -23.4202 3.09476

29.4249 -23.5456 -0.647999
31.398 -21.9521 -3.47269
30.4579 -21.138 -7.04396
33.1339 -21.001 -9.73361
32.513 -19.4101 -13.1038
33.8946 -20.1037 -16.5539
33.2384 -17.331 -18.991
33.8068 -18.5124 -22.5028

34.4088 -16.4903 -25.6207
35.5456 -16.9472 -29.1863
33.0967 -19.6991 -30.0707
29.4323 -20.629 -29.9117
28.8637 -21.6438 -26.3121

25.916 -23.9088 -27.0512
27.9374 -25.905 -29.5749
30.3711 -27.5386 -27.1451

30.0941 -29.6029 -23.9657
31.8869 -28.2128 -20.9406
33.6573 -30.4485 -18.4433
35.1819 -29.7084 -15.0748
38.282 -31.2659 -13.5341
39.7511 -31.209 -10.0561
43.4616 -31.0266 -9.29606
44.4927 -31.6641 -5.6931

47.8202 -31.1737 -3.94583
49.0408 -34.5138 -5.29979
48.4515 -32.9722 -8.7089
46.1709 -35.8738 -9.43569

43.496 -35.1647 -12.0049
39.8918 -36.1351 -11.5694
36.8854 -35.6875 -13.8301
34.0452 -34.0173 -11.9264
31.3565 -33.9431 -14.602
30.123 -32.157 -17.7004
27.148 -30.2271 -18.9994
25.567 -29.7744 -22.3936
24.9889 -26.0793 -22.6391

22.2448 -26.3941 -25.1751
20.0873 -28.8387 -23.14
21.3759 -28.2282 -19.6476

21.8063 -31.9821 -19.332

24.6472 -33.0855 -17.1223
26.7299 -36.1359 -16.27
28.5969 -36.4204 -13.0105
31.312 -38.608 -11.6407
29.6347 -40.5848 -8.89834

32.2567 -39.4836 -6.43537
31.1463 -35.881 -7.08633
27.3731 -36.4295 -7.17333
26.8621 -35.0268 -3.69197
29.56 -32.3567 -4.07889
29.1035 -30.5258 -7.35176

26.3974 -28.9528 -9.42452
26.9401 -27.6845 -12.9404
24.8438 -24.9861 -14.5601

25.0556 -22.6878 -17.5361
23.8931 -19.2048 -18.4084
23.51 -19.1578 -22.1695

22.974 -15.4164 -22.2628
26.3897 -14.7402 -20.7268
27.9824 -17.813 -22.3511

29.28 -18.8456 -18.9579

29.3346 -22.1667 -17.1475
29.306 -22.5345 -13.3924
30.1646 -25.2105 -10.8664
29.0796 -24.9141 -7.31669
30.4813 -27.1232 -4.63194
28.6631 -27.605 -1.34897

29.444 -28.9242 2.12576
33.0521 -27.9454 1.66415
35.7826 -29.6867 3.59861
39.5579 -29.483 3.41104

39.4697 -32.3298 0.935451
37.8036 -29.8504 -1.4141
40.7944 -27.5493 -1.40009

42.1715 -27.8564 -4.89944

42.4639 -26.2307 -8.28413

39.3979 -26.5615 -10.4718
39.5455 -26.433 -14.2336
36.8515 -25.7812 -16.7526
37.3647 -27.3715 -20.1527
35.7449 -27.5314 -23.5677
35.153 -30.7935 -25.3624
35.9003 -30.9229 -29.0389
34.6132 -33.4251 -31.5109
36.9998 -34.2614 -34.2741

34.1642 -35.3813 -36.5213
34.587 -39.0713 -35.8691
33.5236 -40.0614 -32.3513
36.727 -38.8442 -30.8102
36.3462 -36.6003 -27.8164
39.05 -34.5877 -26.1467
39.3552 -31.5353 -23.9412
40.6548 -29.1146 -26.5451
40.7861 -25.9824 -24.4124

41.3062 -25.5526 -20.7094
40.7016 -22.6575 -18.383
43.3847 -21.1334 -16.1807
42.1216 -22.9212 -13.0808
40.7146 -21.6251 -9.81768
42.3316 -22.345 -6.48538
39.8324 -22.8969 -3.76446
41.0703 -23.1221 -0.244462
38.7869 -24.42 2.44444

39.8233 -23.2509 5.85581
38.6077 -21.7429 9.10248
41.5389 -19.3396 9.09827
40.8795 -15.7587 8.10192
42.4756 -14.1081 5.11796

45.5701 -12.046 5.65376
47.1228 -9.79757 3.00738
50.8211 -9.91703 2.41809
53.4108 -7.38396 3.42341
55.7346 -6.54579 0.573615
59.3229 -5.66662 1.32635
62.0541 -4.72955 -1.04511
64.9968 -6.98264 -1.77829

67.9322 -4.77496 -2.60864
71.6114 -5.40289 -2.28238
73.7066 -3.67604 0.328164
75.7386 -2.27293 -2.48265
76.8198 -2.77989 -6.00416
79.3655 -5.55754 -5.78231

82.5099 -5.43526 -7.89146
80.9638 -4.79241 -11.3137
79.4648 -8.15141 -11.885

77.8943 -9.27228 -15.0671

74.5165 -9.1827 -13.3789
72.5729 -7.40103 -10.6337
69.5739 -8.79042 -8.75622
66.599 -7.1537 -7.08364
63.284 -8.44474 -5.76974

60.2597 -8.2384 -3.51189
59.5331 -10.3396 -0.453455
55.8725 -11.175 -0.133093
55.4745 -12.1762 3.46666

52.829 -13.779 5.66935
49.711 -14.0438 3.5872
46.877 -16.5474 3.5918
45.7515 -18.2743 1.61649
47.4659 -18.5396 -1.66726
47.7746 -17.6246 -4.39013
49.5498 -14.3333 -4.87661
50.4401 -12.956 -8.28287
53.4769 -10.8516 -8.88588
54.4059 -8.77556 -11.906
57.2048 -6.33939 -12.5532
56.79 -2.91548 -14.1129

53.1419 -3.71232 -14.7159
54.0604 -6.69187 -16.8547
56.6016 -4.7619 -18.8737

59.4994 -6.71357 -17.402
59.1792 -10.4767 -17.8936
62.7151 -11.5755 -18.6654
64.9507 -12.7963 -15.8863
62.1803 -12.8672 -13.3303

61.7977 -15.7853 -11.0033
58.812 -15.8937 -8.70761
59.3809 -18.6313 -6.15728
56.7599 -21.0011 -5.02064
55.2574 -20.1709 -1.65729
56.4973 -21.9097 1.4332
54.2559 -22.66 4.35851
55.735 -20.9602 7.39099
55.6044 -22.5431 10.8492

52.989 -19.9369 11.3364
49.9008 -20.5305 9.40426
51.1447 -18.0236 6.83096
52.6838 -18.2906 3.36112
55.6889 -16.3644 2.06189
57.3483 -15.985 -1.33695

59.9887 -13.9099 -2.98239
60.0811 -12.6567 -6.56018
63.4015 -11.6911 -8.0056
64.7092 -10.2978 -11.2472
68.2194 -10.2271 -12.6586
69.5339 -7.75981 -15.2107

72.8412 -7.33015 -16.9171
74.8831 -4.7297 -15.0889

75.0982 -2.51293 -18.1443
71.311 -2.52057 -18.5878
70.4489 -2.07562 -14.9035
70.4132 1.72174 -15.1568
67.8903 1.55745 -17.9452

64.7456 1.23597 -15.8469
63.0634 1.47124 -12.446
61.9604 -1.73866 -10.788
58.5432 -2.09597 -9.21884

56.9145 -5.28328 -8.08707
53.1484 -5.46047 -8.45774
51.5992 -7.85297 -5.97908
47.9711 -8.89516 -6.01141
46.291 -10.9839 -3.33046
42.6904 -11.4184 -4.39915

41.3386 -13.0594 -1.30964
42.5511 -10.1232 0.770801
41.6727 -7.65156 -1.93469

45.1836 -6.39724 -1.4717
47.165 -4.84866 -4.24676
50.5073 -3.29249 -3.57464
53.1967 -1.77108 -5.69864
56.6447 -1.64031 -4.29469
59.4504 0.204868 -5.95885
62.7848 -1.24207 -5.11209
65.1241 1.70811 -4.87256
68.2732 1.19956 -6.93245
70.3883 3.48826 -4.7241

72.4783 4.55156 -7.67169
73.8962 7.76512 -6.30893
76.4247 8.49493 -3.62133
77.1779 11.6538 -1.60759
80.4652 12.187 0.179776
83.729 10.9146 -1.18973
83.6558 7.16786 -1.88296
85.7461 6.29578 1.18093
86.6039 7.6492 4.5851
88.813 10.6805 4.91594
90.1835 12.8049 7.67058
88.1753 15.8572 8.67705
91.1114 18.2102 8.02234
91.4043 19.6841 4.54498
94.7565 20.0149 2.83311
97.5741 17.8607 3.97966
97.4783 15.7267 7.08871
99.5727 16.2435 10.1793

End chain 3
39.495 -52.8059 -27.2968
42.5317 -53.3051 -29.4639

45.7106 -53.5847 -27.4552
48.9618 -52.3045 -28.8949
51.9909 -53.9238 -27.3512
55.5059 -52.6407 -27.5477
57.3237 -55.3731 -25.7273

60.6482 -53.6509 -25.5569
60.2647 -50.4598 -23.5667
63.9437 -49.609 -23.6013
66.2681 -50.1351 -26.5225
69.9361 -49.4034 -26.6086
71.4811 -48.4941 -29.9421
74.7776 -47.1357 -31.2049
75.1141 -44.011 -33.3452
75.2256 -45.0724 -37.0224
73.4339 -48.3774 -36.3584

70.0392 -49.3112 -37.7376
67.356 -49.5773 -35.0982
63.9847 -51.2258 -35.2033
61.1187 -50.6618 -32.8519
58.2547 -53.0527 -33.038
54.5902 -52.969 -32.1047
51.9896 -55.702 -32.3677
48.2148 -55.4248 -32.2252
45.8583 -57.8549 -30.5414

43.9435 -58.07 -33.8168
44.43 -57.0864 -37.4584
44.8986 -53.3349 -37.8789
44.6883 -53.3448 -41.657
47.7246 -51.0476 -41.7797
45.9584 -48.2452 -39.9974
48.9523 -47.5499 -37.8355

50.8723 -44.3516 -37.1258
54.1736 -43.7278 -35.3534
54.9199 -40.7829 -33.1032
58.1245 -39.5066 -31.5667
58.1895 -37.7489 -28.2602
61.2812 -35.8728 -27.152

62.2886 -35.6239 -23.5833
60.843 -32.1093 -23.5074
57.4705 -33.7263 -24.0042
56.9236 -32.4735 -27.5148

55.2734 -34.9798 -29.815
55.6336 -35.2596 -33.5766
54.1179 -37.5521 -36.1707

56.7611 -39.5004 -38.05
54.8403 -42.0257 -40.12
51.2214 -42.5408 -41.0696
49.3655 -45.4387 -42.6545
52.2209 -47.744 -41.718
54.7456 -46.4465 -44.1818
54.1412 -42.9304 -45.3496

56.6353 -40.3977 -44.0929
55.2473 -37.2113 -42.6927
56.6456 -34.2009 -44.4726

59.7356 -32.8199 -42.8303
60.6528 -36.237 -41.5016
64.0424 -37.4773 -42.4958
64.3096 -40.3551 -44.9414

66.1637 -42.2733 -42.2372
62.7734 -43.1623 -40.8412
60.7406 -45.8902 -42.4671

57.7251 -47.9427 -41.4409
56.7259 -51.4616 -42.382
54.4353 -54.3519 -41.5208
50.8529 -55.4529 -42.0079

48.2031 -57.336 -40.117
49.2382 -57.4708 -36.466
52.9044 -56.587 -36.6493

54.4526 -53.2326 -37.4532

57.9495 -51.8028 -37.1681
59.5627 -48.3943 -37.3049
63.0992 -48.4959 -38.5728
65.8177 -45.91 -38.3679
68.3388 -46.5702 -41.1006

71.1702 -44.8428 -39.3132
70.7382 -43.342 -35.8531
71.5383 -39.7129 -35.3188
71.7776 -38.1844 -31.8972

68.6579 -36.0793 -32.5264
66.7868 -39.3791 -32.582
66.8798 -39.7025 -28.7903

63.2237 -39.9965 -27.8722
60.3867 -42.3618 -27.054
58.5303 -43.8417 -29.991
54.8809 -44.8001 -29.8812
52.6826 -46.8052 -32.2281
48.9832 -45.9112 -32.5586
46.1346 -47.7951 -34.234

43.1942 -46.0545 -35.9762
41.4669 -49.2328 -37.1676
38.8502 -49.1835 -34.4336
37.6795 -46.9768 -31.5959
38.9242 -46.341 -29.1526

42.2179 -45.3528 -30.6744
44.9294 -47.0935 -28.7144
48.6823 -46.5242 -28.3764
51.5926 -48.8146 -27.6384
53.5224 -48.5312 -24.3624
56.371 -46.7876 -26.1335
60.0292 -47.5227 -26.6744
62.6645 -45.214 -25.2401
66.0427 -45.2604 -26.9078
69.2898 -45.2328 -24.9854
72.0048 -44.1413 -27.3718
75.4422 -45.6784 -27.0542

78.3033 -43.3334 -27.6821
82.014 -43.2119 -26.9491
83.0208 -42.7617 -23.3371
83.4048 -39.2298 -22.0837

84.3528 -38.2801 -18.5469
82.3726 -35.6809 -16.7474
83.6143 -32.2445 -15.8127
82.8565 -31.7739 -12.1558

81.8833 -28.6576 -10.2267

80.88 -28.0624 -6.6162
78.6395 -25.2969 -5.25372
78.2419 -24.2123 -1.65858
75.0005 -23.1409 -0.107907
74.0961 -19.4782 -0.395525
73.7046 -17.4051 2.7257

70.2678 -16.5118 1.47025
69.3502 -20.1751 1.86711
71.3377 -20.6408 5.08414
69.39 -17.9356 6.81947
66.3032 -20.1493 6.58175

67.9711 -23.0064 8.41512
68.8021 -25.4628 5.65733

71.9398 -25.9104 3.56903
72.0892 -27.4765 0.141998
75.4359 -28.4192 -1.37171
75.4488 -29.3025 -5.0422
77.8417 -31.3461 -7.14684
77.5143 -31.2084 -10.9197
78.7394 -33.8468 -13.3513
78.5599 -32.3861 -16.8102

78.308 -34.019 -20.2397
79.4491 -37.5822 -19.6279
78.7468 -41.0354 -21.0436
77.896 -43.7117 -19.9737
75.2488 -42.9097 -17.3898
76.7167 -44.9982 -14.5873
78.6696 -42.8373 -12.1724

79.4687 -42.8985 -8.48622
79.205 -39.663 -6.62066
80.7247 -39.601 -3.18123
80.2613 -36.8021 -0.594374

82.5996 -36.2825 2.32501
82.5681 -33.6999 4.98767

85.7474 -33.3224 6.94663
86.8865 -36.5534 5.36646
83.8333 -38.4229 6.55048

81.8822 -40.3622 3.97398
78.2633 -39.3115 3.99919
75.321 -41.5522 3.3136

71.5553 -41.1041 3.07416
71.8213 -37.2962 2.92543
71.9958 -36.7481 -0.842278

69.6557 -36.9879 -3.80622
70.6371 -37.4013 -7.43324
68.9969 -36.0957 -10.6378
69.9478 -36.952 -14.183
69.0749 -35.1597 -17.3779
67.8929 -36.9462 -20.4825
70.6051 -37.6462 -22.9896
71.6338 -34.6223 -25.0393
70.2856 -34.438 -28.5648

73.5744 -33.2893 -30.0529
76.1533 -34.847 -27.7118
74.2134 -37.8728 -26.4213

75.7678 -37.2521 -23.0114

74.134 -37.0254 -19.6067
74.4915 -34.493 -16.8304
74.0707 -35.3638 -13.1652
73.4152 -33.3549 -10.0241
74.0021 -34.5834 -6.48866
72.566 -32.4611 -3.72979
73.6029 -32.9365 -0.150034
71.1957 -31.378 2.26851

72.0203 -30.6046 5.87423
70.6494 -28.4508 8.65147
72.3657 -25.1232 9.10417

73.7703 -26.2822 12.3864
75.2682 -29.3642 10.8615
76.6449 -27.3762 7.94742
78.3911 -24.9096 10.2452
79.8228 -27.8444 12.1713
82.181 -28.8187 9.35691

84.8371 -27.029 7.31133
85.4873 -29.1542 4.24475
82.9689 -30.3737 1.72155
83.8415 -32.3716 -1.27216

82.5056 -34.6062 -3.94524
84.5113 -37.4035 -5.43048
83.3887 -38.7803 -8.72878
84.2318 -42.1587 -10.1778

83.5108 -42.8632 -13.8237
84.6905 -45.0772 -16.6637

86.1007 -41.9923 -18.3601
88.3498 -41.1283 -15.4305
91.3704 -43.2181 -14.5802

91.2099 -42.0762 -10.9873

88.4723 -40.3743 -9.10255
88.1838 -36.6355 -9.41773
87.4336 -34.5456 -6.36238
86.0438 -31.0438 -6.1212

86.2372 -29.3563 -2.77779

85.5317 -26.2092 -0.856923
86.2853 -24.9439 2.6265
83.6404 -23.1287 4.52939
85.833 -20.0371 4.88051

86.8961 -19.9163 8.48022
90.3647 -18.6284 9.14559

End chain 4
