40.972 18.575 30.58
39.065 20.592 28.045
39.495 19.566 24.458

38.012 20.93 21.288
38.531 18.508 18.481
37.8 19.67 15.009
36.9 17.7 11.92
39.59 16.983 9.34
40.576 18.901 6.296

38.161 19.277 3.4
38.52 19.868 -0.284
35.355 21.361 -1.634
34.198 22.716 -4.98
33.325 26.288 -5.523
29.649 26.993 -5.018
29.432 24.041 -2.657

28.971 24.166 1.094
30.998 22.531 3.842
30.26 21.983 7.469
32.956 21.707 10.107
32.466 20.138 13.49
33.942 20.817 16.883
33.404 18.116 19.403
34.057 19.331 22.878

34.817 17.378 26.003
36.007 17.913 29.542
33.42 20.512 30.499
29.71 21.233 30.367
29.034 22.26 26.787

25.903 24.268 27.564
27.858 26.43 30.006
30.188 28.149 27.541

29.764 30.215 24.396
31.509 28.88 21.313
33.181 31.234 18.846
34.651 30.559 15.43
37.649 32.271 13.85
39.039 32.231 10.332
42.669 32.538 9.431
43.673 32.938 5.827

47.004 32.662 4.03
48.1 36.052 5.367
47.574 34.481 8.766
45.191 37.285 9.536

42.624 36.459 12.199
38.943 37.218 11.824
36.051 36.624 14.181

33.249 34.959 12.257
30.641 34.558 14.986

29.562 32.699 18.102
26.643 30.727 19.492
25.191 30.145 22.898
24.803 26.448 23.145

22.062 26.576 25.721
19.639 28.696 23.682
21.083 28.429 20.176

21.228 32.203 19.84

23.951 33.412 17.557
25.913 36.55 16.795
27.705 36.933 13.494
30.266 39.273 12.087
28.419 41.116 9.361

31.093 40.195 6.878
30.191 36.533 7.536
26.403 36.898 7.681
25.879 35.441 4.217
28.746 32.943 4.54
28.42 31.094 7.825

25.816 29.316 9.903
26.527 28.102 13.413
24.592 25.304 15.08

24.998 22.998 18.034
24.041 19.456 18.946
23.649 19.414 22.71

23.425 15.646 22.941
26.781 15.293 21.162
28.309 18.317 22.876

29.407 19.399 19.428

29.259 22.72 17.608
29.091 23.055 13.852
29.847 25.788 11.368
28.72 25.473 7.821
29.909 27.715 5.045
27.967 28.201 1.841

28.64 29.53 -1.653
32.292 28.669 -1.305
34.896 30.664 -3.165
38.685 30.553 -3.177

38.485 33.405 -0.712
36.999 30.854 1.678
40.114 28.704 1.644

41.546 29.081 5.108

41.979 27.482 8.488

38.934 27.644 10.725
39.128 27.453 14.481
36.477 26.793 17.043
37.036 28.296 20.426
35.61 28.441 23.966
34.804 31.703 25.613
35.321 31.988 29.348
34.128 34.508 31.817
36.656 35.197 34.499

33.884 36.244 36.848
34.63 39.864 36.188
33.003 41.19 32.97
35.975 39.969 31.033
35.702 37.586 28.151
38.495 35.688 26.521
38.922 32.725 24.252
40.484 30.249 26.7
40.665 27.176 24.574

41.113 26.742 20.871
40.598 23.81 18.559
43.316 22.417 16.28
41.89 24.195 13.292
40.509 22.765 10.071
41.998 23.575 6.704
39.433 24.042 3.999
40.607 24.294 0.438
38.166 25.432 -2.192

39.195 24.277 -5.629
37.952 22.743 -8.837
41.016 20.508 -8.877
40.554 16.893 -7.878
42.318 15.339 -4.939

45.301 13.136 -5.41
47.159 11.157 -2.777
50.84 11.454 -2.249
53.521 9.059 -3.341
55.953 8.353 -0.539
59.57 7.641 -1.338
62.396 6.834 0.961
65.228 9.244 1.597

68.332 7.257 2.395
71.953 8.066 1.881
73.934 6.143 -0.615
76.242 5.123 2.154
77.369 5.729 5.714
80.986 4.729 5.01
83.245 6.427 7.518
80.545 7.498 9.858
79.882 11.037 10.885
78.486 12.123 14.192
74.945 11.969 12.891
72.983 10.136 10.222
69.835 11.328 8.5
66.972 9.638 6.685
63.507 10.673 5.642

60.498 10.308 3.407
59.583 12.351 0.38
55.869 12.992 0.156
55.295 13.967 -3.416

52.593 15.201 -5.734
49.557 15.576 -3.49
46.581 17.925 -3.436
45.234 19.527 -1.444
47.142 19.96 1.72
47.596 19.076 4.441
49.492 15.855 4.992
50.566 14.566 8.384
53.72 12.624 8.938
54.825 10.638 11.959
57.729 8.306 12.554
57.549 4.886 14.16

53.88 5.503 14.807
54.696 8.526 16.933
57.395 6.743 18.885

60.145 8.861 17.382
59.63 12.605 17.771
63.126 13.906 18.465
65.265 15.232 15.648
62.367 15.11 13.229

61.803 17.98 10.843
58.777 17.938 8.587
59.152 20.688 6.019
56.366 22.891 4.922
54.856 21.92 1.602
55.933 23.705 -1.534
53.588 24.258 -4.411
55.128 22.821 -7.548
54.734 24.624 -10.865

52.376 21.789 -11.339
49.28 22.171 -9.326
50.579 19.642 -6.836
52.259 19.869 -3.402
55.45 18.166 -2.239
57.031 17.833 1.183

59.843 15.938 2.876
60.15 14.766 6.461
63.552 13.903 7.833
65.025 12.653 11.062
68.567 12.767 12.33
70.051 10.433 14.924

73.417 10.159 16.542
75.533 7.642 14.698

75.973 5.482 17.766
72.197 5.251 18.247
71.252 4.704 14.608
71.412 0.889 14.794
69.011 0.868 17.726

65.795 1.171 15.693
63.992 0.817 12.4
62.689 3.973 10.801
59.296 4.082 9.202

57.35 7.178 8.253
53.591 7.202 8.581
51.901 9.505 6.103
48.237 10.454 6.232

46.385 12.378 3.531
42.777 12.738 4.64

41.278 14.212 1.532
42.566 11.314 -0.529
41.962 8.873 2.308

45.521 7.712 1.765
47.57 6.186 4.539
50.983 4.864 3.776
53.839 3.476 5.786
57.288 3.567 4.314
60.178 1.88 6
63.447 3.464 5.115
65.946 0.643 4.75
69.105 1.215 6.803
71.238 -0.902 4.479

73.438 -1.851 7.397
74.877 -5.044 5.9
77.366 -5.765 3.148
78.766 -8.932 1.376
82.148 -9.965 -0.133
83.083 -6.365 -0.707
84.272 -4.672 -3.873
86.508 -1.865 -2.384

90.125 -1.975 -3.399
93.076 -0.962 -1.262
94.323 2.581 -1.311
97.831 3.165 -2.569

100.658 2.654 -0.139
103.994 4.199 -1.074
107.236 2.294 -0.981
109.917 1.013 -3.229
109.141 -1.697 -5.699
111.099 -4.813 -6.418

End chain 1
28.8048 49.1238 10.9086
31.8087 49.8206 13.0888

35.054 49.5905 11.2152
38.1272 48.5512 13.1268
41.3961 49.6166 11.6087
44.8341 48.3965 12.3169
46.8909 50.5663 10.0529

50.1095 48.6812 10.4704
49.6092 45.2461 8.99657
53.2329 44.2649 9.43033
55.3526 45.1849 12.4092
58.9897 44.3801 12.8784
60.2208 43.9107 16.4385
63.3826 42.7195 18.162
63.3921 40.0255 20.7813
63.1813 41.5136 24.2544
61.7493 44.701 22.8277

58.4123 46.2157 23.7986
55.904 45.9765 21.0171
52.7009 47.8989 20.6163
49.8859 46.9854 18.2634
47.222 49.5946 17.6919
43.5882 49.4148 16.6658
41.1565 52.292 16.146
37.3881 52.1652 15.8402
35.3271 54.3964 13.5825

33.119 55.1618 16.5752
33.4733 54.8781 20.3492
33.3779 51.2353 21.4693
33.281 51.9986 25.1896
36.0747 49.5471 25.9616
34.223 46.6092 24.5042
37.3247 45.37 22.7621

39.0585 42.0047 22.7331
42.4165 40.9453 21.3223
43.1688 37.6274 19.6672
46.3963 35.9522 18.6423
46.522 33.702 15.6353
49.6379 31.7347 15.0251

50.8237 30.4725 11.7256
49.0855 27.1367 12.3118
45.8732 29.057 12.0564
45.0976 28.4048 15.6949

43.4239 31.3275 17.461
43.563 32.2173 21.1352
41.9879 35.0074 23.1518

44.5992 37.1304 24.8932
42.6929 40.0616 26.3489
39.0581 40.908 26.9605
37.2972 44.1435 27.8741
40.3977 45.9768 26.6908
42.4581 45.3213 29.8423
41.6965 41.8964 31.2342

44.1186 39.0675 30.6353
42.659 35.742 29.7019
43.739 33.052 32.094

46.8675 31.3202 30.9243
48.1376 34.3658 29.0851
51.4916 35.5837 30.1536
51.7263 38.8456 32.0578

53.8708 40.2845 29.3063
50.645 40.9378 27.4305
48.6546 43.9899 28.4244

45.8282 45.9764 26.8589
45.0226 49.6563 27.0809
42.9301 52.4423 25.5914
39.4025 53.7963 25.6262
37.0185 55.4762 23.2573
38.2038 54.8078 19.7114
41.8269 53.8772 20.303
43.1634 50.6788 21.821

46.5676 49.0463 22.0417
47.9607 45.6227 22.8188
51.4171 45.756 24.3247
53.9744 43.0707 24.8211
56.4025 44.123 27.4944

59.2296 41.9484 26.3254
58.8614 40.0516 23.1055
59.5113 36.33 23.0903
59.9496 34.125 20.0689

56.6732 32.2851 20.7773
54.9506 35.6316 20.22
55.3077 35.3045 16.4484

51.7281 35.5809 15.2337
49.0804 37.9004 13.85
47.1233 39.9346 16.3575
43.5475 41.0285 15.8065
41.2919 43.4294 17.6826
37.5365 42.8443 17.8287
34.7368 45.1126 19.0488
31.5737 43.8481 20.7757

29.9951 47.2808 21.2628
27.5417 46.8512 18.4222
26.3882 44.1963 16.0085
27.7675 43.0882 13.7453

30.9184 42.2886 15.6268
33.8551 43.4699 13.5544
37.5786 42.7099 13.6146
40.6463 44.7161 12.7013
42.7464 43.7854 9.65578
45.3801 42.2571 11.9005
49.0366 42.914 12.5532
51.59 40.2595 11.8301
54.9097 40.4699 13.5813
58.238 40.0198 11.8566
60.6837 39.1603 14.5692
64.2196 40.3111 14.1589

67.0007 38.2524 15.5963
70.6916 37.7687 14.9344
71.811 36.7074 11.4949

72.1012 32.9891 10.93
73.199 31.349 7.7012
71.2056 28.5488 6.23272
72.3175 24.9482 6.07577
71.677 23.8527 2.55656

70.6788 20.4834 1.10806

69.8931 19.2781 -2.39918
67.6191 16.3731 -3.3534
67.4119 14.6527 -6.70942
64.1831 13.5177 -8.25503
63.0759 10.0069 -7.41822
62.724 7.34334 -10.0738

59.1737 6.97781 -8.89928
58.502 10.5144 -10.0719
60.7 10.2902 -13.1694
58.76 7.443 -14.6753
55.7644 9.77358 -14.925

57.6854 12.176 -17.1215
58.4997 15.0325 -14.7796

61.5162 15.6858 -12.5806
61.5378 17.8806 -9.50865
64.8104 18.8635 -7.91867
64.6212 20.4868 -4.54948
67.0386 22.5849 -2.60347
66.4156 23.3254 1.05204
67.6817 26.2779 3.06896
67.2349 25.4447 6.71594

66.8765 27.7065 9.76063
68.2062 31.0664 8.58454
67.583 34.7614 9.26504
66.9213 37.229 7.69546
64.4449 35.9692 5.13966
66.161 37.5221 2.12003
68.1382 34.8964 0.250636

69.1372 34.2363 -3.32896
68.7115 30.7386 -4.58532
70.3996 30.0611 -7.87284
69.9524 26.9211 -9.97275
72.7124 25.6323 -12.2368
72.4902 22.7629 -14.6522

75.7809 21.5637 -16.0796
76.8401 25.0499 -15.011
74.1518 26.7181 -17.0553

72.0908 28.9593 -14.918
68.405 28.4885 -15.0239
65.6625 31.0559 -14.9976

61.8924 30.7696 -14.8252
61.8029 27.0667 -14.0131
61.6808 27.16 -10.2329

59.3329 28.1403 -7.42235
60.1713 28.9477 -3.83009
58.228 28.438 -0.619549
59.0664 29.8094 2.79206
57.8574 28.7009 6.16717
56.6339 31.1152 8.77369
59.1894 32.1561 11.3604
59.8475 29.4036 13.8746
58.4095 29.9537 17.3208

61.5522 28.8657 19.1255
64.4413 30.0956 16.9352
62.6383 32.7738 14.8743

64.3383 31.4637 11.7407

62.9249 30.7271 8.299
63.3246 27.7075 6.06284
62.9261 27.8547 2.31245
62.5658 25.3413 -0.48559
63.3678 25.9302 -4.11929
62.0123 23.4025 -6.57506
63.2203 23.1926 -10.1227
60.8351 21.4076 -12.4414

62.1145 19.8317 -15.6521
60.7537 17.3601 -18.1391
62.2072 13.8915 -17.8271

63.8827 14.2893 -21.179
65.4963 17.5182 -20.1188
66.5899 16.0626 -16.8071
68.2984 13.1383 -18.5002
70.0306 15.5743 -20.81
72.3573 16.893 -18.133

74.7389 15.5174 -15.4981
75.0273 18.0137 -12.7436
72.4215 19.8941 -10.8045
73.5317 22.5342 -8.38216

71.891 25.0244 -6.04722
73.8658 28.1034 -5.11426
72.8187 30.0434 -2.07132
73.7491 33.6013 -1.21575

72.8665 34.9996 2.18554
74.0101 37.6945 4.59058

75.1147 34.9842 6.98637
77.4357 33.3548 4.53141
80.6684 34.9784 3.43325

80.6717 33.4477 -0.0366874

77.9271 31.518 -1.67776
77.3246 27.9118 -0.729626
76.7714 25.3375 -3.41237
75.3265 21.8804 -3.14418

75.0813 19.6116 -6.13666

74.8748 16.0338 -7.30658
75.8194 14.3148 -10.5359
72.9854 12.3219 -12.0177

73.7154 9.23616 -13.8618
74.9394 8.39668 -17.2767
77.7819 6.16004 -18.2195

End chain 2
41.105 -18.209 -30.143
39.151 -20.598 -28.01
39.504 -19.715 -24.388

37.986 -20.946 -21.166
38.514 -18.414 -18.44
37.711 -19.653 -14.962
36.948 -17.628 -11.869
39.643 -16.957 -9.28
40.641 -18.855 -6.223

38.213 -19.084 -3.373
38.293 -19.605 0.399
35.253 -21.312 1.718
34.191 -22.636 5.091
33.286 -26.194 5.623
29.605 -26.86 5.097
29.402 -23.925 2.708

28.916 -24.042 -1.046
31.029 -22.564 -3.832
30.211 -21.723 -7.427
32.95 -21.734 -10.056
32.485 -20.132 -13.446
33.907 -20.912 -16.861
33.445 -18.123 -19.324
34.032 -19.35 -22.817

34.804 -17.377 -25.929
35.996 -17.909 -29.466
33.433 -20.54 -30.394
29.724 -21.285 -30.314
29.025 -22.251 -26.724

25.985 -24.37 -27.52
27.96 -26.478 -29.989
30.254 -28.218 -27.498

29.803 -30.249 -24.317
31.595 -28.934 -21.258
33.195 -31.242 -18.712
34.679 -30.561 -15.313
37.662 -32.263 -13.696
39.054 -32.261 -10.186
42.751 -32.26 -9.343
43.668 -32.929 -5.715

46.976 -32.596 -3.895
48.058 -36 -5.207
47.623 -34.449 -8.635
45.217 -37.237 -9.401

42.639 -36.409 -12.033
38.982 -37.196 -11.675
36.053 -36.611 -14.005
33.258 -34.791 -12.173
30.637 -34.597 -14.909
29.564 -32.768 -18.042
26.719 -30.699 -19.416
25.239 -30.186 -22.847
24.852 -26.468 -23.121

22.153 -26.659 -25.717
19.831 -28.982 -23.721
21.07 -28.418 -20.203

21.305 -32.187 -19.862

24.037 -33.419 -17.584
25.945 -36.565 -16.672
27.722 -36.925 -13.37
30.293 -39.238 -11.93
28.458 -41.114 -9.218

31.076 -40.132 -6.701
30.162 -36.482 -7.392
26.369 -36.842 -7.562
25.851 -35.397 -4.099
28.687 -32.867 -4.436
28.396 -31.033 -7.726

25.819 -29.338 -9.866
26.503 -28.117 -13.374
24.581 -25.326 -15.052

24.974 -23.057 -18.032
24.007 -19.525 -18.945
23.711 -19.479 -22.714

23.365 -15.716 -22.835
26.775 -15.203 -21.225
28.248 -18.36 -22.8

29.416 -19.438 -19.374

29.264 -22.748 -17.549
29.133 -23.094 -13.794
29.8 -25.796 -11.238
28.652 -25.427 -7.715
29.881 -27.689 -4.99
27.968 -28.062 -1.747

28.604 -29.4 1.75
32.266 -28.605 1.366
34.862 -30.47 3.369
38.646 -30.456 3.266

38.471 -33.308 0.801
36.984 -30.761 -1.596
40.085 -28.612 -1.524

41.523 -29.006 -4.99

41.972 -27.415 -8.374

38.943 -27.604 -10.629
39.181 -27.503 -14.387
36.58 -26.731 -16.969
37.089 -28.363 -20.35
35.54 -28.46 -23.8
34.826 -31.698 -25.594
35.648 -31.884 -29.252
34.293 -34.332 -31.742
36.696 -35.301 -34.447

33.859 -36.29 -36.753
34.082 -39.993 -36.076
32.892 -40.91 -32.579
36.117 -39.846 -30.971
35.782 -37.57 -27.996
38.545 -35.686 -26.274
38.953 -32.641 -24.075
40.43 -30.302 -26.659
40.67 -27.169 -24.537

41.128 -26.746 -20.825
40.617 -23.812 -18.525
43.323 -22.412 -16.269
41.903 -24.118 -13.191
40.49 -22.736 -9.966
41.994 -23.518 -6.595
39.41 -23.93 -3.929
40.556 -24.198 -0.381
38.151 -25.366 2.261

39.168 -24.232 5.69
37.957 -22.648 8.902
41.004 -20.394 8.954
40.547 -16.79 7.928
42.29 -15.237 4.974

45.471 -13.329 5.571
47.193 -11.175 2.951
50.893 -11.482 2.446
53.583 -9.076 3.499
56.009 -8.37 0.699
59.619 -7.667 1.529
62.446 -6.88 -0.784
65.288 -9.281 -1.441

68.348 -7.227 -2.214
71.983 -8.036 -1.802
74.103 -6.402 0.848
76.265 -5.117 -1.922
77.398 -5.696 -5.416
79.796 -8.596 -5.125

82.989 -8.642 -7.163
81.554 -7.941 -10.622
79.902 -11.224 -11.213

78.349 -12.282 -14.425

74.943 -12.015 -12.814
73.03 -10.124 -10.121
69.924 -11.352 -8.306
66.998 -9.56 -6.708
63.594 -10.677 -5.464

60.534 -10.308 -3.276
59.635 -12.354 -0.226
55.931 -13.004 0.015
55.403 -13.965 3.609

52.632 -15.422 5.758
49.552 -15.542 3.607
46.597 -17.901 3.558
45.431 -19.58 1.565
47.203 -19.948 -1.678
47.618 -19.064 -4.397
49.566 -15.868 -4.857
50.6 -14.555 -8.248
53.751 -12.608 -8.791
54.85 -10.597 -11.798
57.781 -8.307 -12.392
57.573 -4.875 -13.975

53.904 -5.492 -14.657
54.72 -8.525 -16.762
57.399 -6.735 -18.731

60.162 -8.821 -17.186
59.665 -12.566 -17.669
63.158 -13.844 -18.356
65.267 -15.16 -15.522
62.44 -15.079 -13.029

61.86 -17.962 -10.699
58.822 -17.909 -8.471
59.196 -20.658 -5.897
56.435 -22.888 -4.81
54.901 -21.966 -1.485
55.983 -23.748 1.64
53.642 -24.37 4.517
55.136 -22.73 7.575
54.849 -24.286 11.036

52.357 -21.55 11.453
49.287 -21.999 9.454
50.712 -19.571 6.899
52.313 -19.933 3.466
55.439 -18.166 2.227
57.191 -17.888 -1.135

59.968 -15.956 -2.729
60.203 -14.728 -6.309
63.599 -13.937 -7.683
65.047 -12.628 -10.9
68.587 -12.74 -12.232
70.08 -10.355 -14.764

73.442 -10.1 -16.397
75.57 -7.595 -14.534

75.964 -5.408 -17.593
72.192 -5.229 -18.122
71.271 -4.722 -14.46
71.431 -0.929 -14.73
68.966 -0.982 -17.574

65.763 -1.135 -15.546
64.019 -0.798 -12.185
62.72 -3.94 -10.539
59.255 -4.118 -9.046

57.444 -7.214 -7.938
53.683 -7.205 -8.393
51.961 -9.504 -5.94
48.287 -10.364 -6.05
46.445 -12.352 -3.399
42.852 -12.612 -4.547

41.351 -14.167 -1.482
42.662 -11.284 0.613
41.969 -8.786 -2.122

45.527 -7.706 -1.585
47.645 -6.273 -4.321
51.045 -4.882 -3.58
53.854 -3.508 -5.649
57.272 -3.542 -4.168
60.203 -1.848 -5.776
63.441 -3.455 -4.848
65.919 -0.624 -4.568
69.084 -1.3 -6.554
71.261 0.892 -4.308

73.467 1.834 -7.212
75.013 4.98 -5.831
77.514 5.597 -3.09
78.379 8.725 -1.073
81.648 9.103 0.786
84.874 7.662 -0.504
84.629 3.92 -1.183
86.604 2.961 1.931
87.452 4.288 5.348
89.802 7.207 5.716
91.215 9.275 8.492
89.34 12.429 9.44
92.404 14.629 8.842
92.848 16.068 5.366
96.25 16.222 3.729
98.93 13.936 4.948
98.658 11.826 8.063
100.706 12.254 11.198

End chain 3
40.1785 -55.3407 -22.5116
43.1058 -55.3636 -24.8776

46.419 -55.2948 -23.0786
49.3778 -53.5518 -24.6559
52.6841 -54.814 -23.3689
55.9852 -53.0766 -23.7223
58.2535 -55.6096 -22.1338

61.3337 -53.4747 -22.091
60.6755 -50.432 -19.9464
64.2048 -49.1072 -20.1668
66.3812 -49.2236 -23.243
69.9116 -48.0164 -23.5191
71.1057 -46.7981 -26.8979
74.111 -44.9778 -28.2982
73.9033 -41.7636 -30.3192
73.909 -42.6734 -34.0385
72.603 -46.2051 -33.4096

69.2731 -47.5261 -34.6198
66.8248 -48.2317 -31.8369
63.693 -50.3018 -31.8087
60.9385 -50.1989 -29.2664
58.3987 -52.9355 -29.3813
54.8227 -53.3637 -28.2255
52.5823 -56.4023 -28.4477
48.8206 -56.6257 -28.0656
46.9104 -59.3997 -26.3481

44.8286 -59.7495 -29.508
44.9456 -58.5852 -33.1269
44.9009 -54.7924 -33.4138
44.4467 -54.6988 -37.1693
47.1489 -52.0217 -37.3767
45.1585 -49.5375 -35.3725
48.1736 -48.5324 -33.3678

49.7102 -45.1371 -32.639
53.0131 -44.1491 -31.0443
53.5214 -41.2117 -28.7192
56.6297 -39.5817 -27.3259
56.6851 -37.9463 -23.9571
59.5767 -35.7218 -22.9585

60.7754 -35.4672 -19.4498
58.8993 -32.1763 -19.1362
55.7366 -34.2019 -19.4971
54.805 -32.9104 -22.9113

53.3427 -35.5297 -25.2129
53.4888 -35.6295 -28.9979
52.1128 -38.0091 -31.5914

54.8552 -39.5291 -33.7088
53.1426 -42.2105 -35.7652
49.5652 -43.1607 -36.5155
47.9964 -46.2196 -38.1081
51.1789 -48.1632 -37.4454
53.3496 -46.4624 -39.9995
52.2243 -43.017 -40.9769

54.4502 -40.2253 -39.7659
52.7598 -37.2979 -38.1492
53.6411 -34.0708 -39.8798

56.6294 -32.3557 -38.3695
58.0621 -35.6677 -37.2463
61.5103 -36.4194 -38.4957
61.9835 -39.1511 -41.074

64.2412 -40.9032 -38.5714
61.0916 -42.2753 -37.0124
59.3232 -45.1874 -38.6279

56.6694 -47.6506 -37.5102
56.0701 -51.2351 -38.5391
54.2302 -54.4279 -37.6656
50.7944 -55.97 -37.9821

48.5374 -58.2475 -36.0168
49.818 -58.3723 -32.4442
53.3207 -57.0113 -32.8107

54.3701 -53.4575 -33.5622

57.666 -51.5939 -33.428
58.8165 -48.0012 -33.516
62.2462 -47.596 -34.9985
64.6184 -44.6857 -34.8476
67.0189 -44.9158 -37.7534

69.7164 -42.8963 -36.0681
69.323 -41.5856 -32.5271
69.6846 -37.9038 -31.8872
69.9495 -36.4766 -28.4239

66.5512 -34.7766 -28.7728
65.119 -38.2885 -28.8564
65.5007 -38.7282 -25.0947

61.9805 -39.529 -23.9707
59.5298 -42.2715 -23.0846
57.6902 -43.8786 -25.9648
54.2088 -45.3088 -25.6758
52.1368 -47.5014 -27.9693
48.3397 -47.0875 -28.037
45.6525 -49.2682 -29.6164

42.4055 -47.8673 -31.1015
41.0256 -51.2008 -32.3214
38.6088 -51.5886 -29.4347
37.3533 -49.6533 -26.4395
38.6635 -48.9454 -24.0509

41.6965 -47.4833 -25.7253
44.7313 -48.9217 -24.009
48.3943 -47.879 -23.8743
51.6162 -49.7937 -23.4123
53.704 -49.3744 -20.2499
56.1835 -47.2132 -22.1136
59.8624 -47.445 -22.9056
62.2683 -44.8628 -21.5356
65.508 -44.4097 -23.4048
68.8437 -44.0247 -21.6827
71.2343 -42.5059 -24.1798
74.8536 -43.5908 -24.1368

77.3433 -40.8718 -24.8353
81.0477 -40.2921 -24.3234
82.2228 -39.8396 -20.7629
82.2321 -36.3333 -19.3848

83.28 -35.391 -15.8744
81.1051 -33.1367 -13.8488
81.9546 -29.602 -12.8445
81.3838 -29.3614 -9.13166

80.1476 -26.4676 -7.01556

79.3148 -26.134 -3.3289
76.8323 -23.7338 -1.71631
76.5352 -22.8356 1.93944
73.2917 -22.2513 3.72762
71.9084 -18.7303 3.65234
71.4596 -16.8355 6.87744

67.8619 -16.356 5.87139
67.4494 -20.1193 6.16571
69.6865 -20.4325 9.23384
67.5259 -18.0667 11.198
64.7395 -20.6551 11.0526

66.8763 -23.3316 12.6578
67.833 -25.5614 9.75214

70.8586 -25.5226 7.46079
70.9829 -26.9361 3.96706
74.3165 -27.3804 2.21489
74.2022 -28.1268 -1.48413
76.6943 -29.7661 -3.81513
76.1057 -29.5418 -7.55192
77.497 -31.9117 -10.164
76.9056 -30.368 -13.5399

76.6412 -31.9001 -17.0147
78.2672 -35.3027 -16.6261
77.9222 -38.7669 -18.1434
77.4934 -41.5668 -17.1397
74.9401 -41.2076 -14.3686
76.844 -43.1823 -11.7519
78.6576 -40.8696 -9.36914

79.6975 -40.9536 -5.74398
79.144 -37.8469 -3.72903
80.8651 -37.7061 -0.388225
80.2171 -35.083 2.33942

82.6556 -34.3638 5.13173
82.4677 -31.9012 7.8996

85.6938 -31.1797 9.67722
87.1317 -34.1776 7.89415
84.4274 -36.4697 9.17936

82.5766 -38.5569 6.64478
78.8624 -37.9895 6.93362
76.193 -40.5703 6.33174

72.3934 -40.6099 6.33971
72.1588 -36.7971 6.33843
72.0145 -36.1007 2.594

69.5355 -36.5414 -0.230661
70.3221 -36.6971 -3.92472
68.3219 -35.5068 -6.96546
69.1406 -36.1082 -10.595
67.8378 -34.3357 -13.6517
66.6938 -36.1526 -16.7528
69.3034 -36.405 -19.4469
69.7996 -33.2035 -21.4236
68.211 -33.0749 -24.8501

71.2208 -31.4556 -26.4836
74.1259 -32.7432 -24.3716
72.6785 -36.0393 -23.0969

74.3604 -35.3393 -19.7637

72.9375 -35.4461 -16.26
73.1484 -32.9864 -13.4044
73.0836 -34.0312 -9.76118
72.383 -32.2351 -6.50308
73.3528 -33.4982 -3.06539
71.8402 -31.6785 -0.136408
73.1616 -32.1381 3.35049
70.7381 -30.9922 5.97462

71.691 -30.243 9.55372
70.2401 -28.3843 12.4984
71.5417 -24.8787 12.9887

73.295 -25.9573 16.1274
75.0726 -28.7625 14.3841
75.9894 -26.5119 11.48
77.5516 -23.9194 13.7716
79.4707 -26.707 15.4802
81.745 -27.2668 12.4893

84.0101 -25.0756 10.3655
84.7251 -26.9902 7.17702
82.2241 -28.4401 4.7607
83.1478 -30.2019 1.6369

81.9371 -32.498 -1.04381
84.1834 -34.9561 -2.766
83.0329 -36.3527 -6.04637
84.2054 -39.5397 -7.68703

83.3435 -40.2057 -11.3096
84.6088 -42.1469 -14.3079

85.4979 -38.8473 -15.9527
87.8046 -37.7988 -13.13
91.1173 -39.5044 -12.5541

91.0473 -38.5183 -8.91247

88.2434 -37.255 -6.79459
87.458 -33.5773 -6.93133
86.6479 -31.7104 -3.74952
84.8394 -28.4307 -3.27502

85.0334 -26.8492 0.119794

84.0575 -23.8896 2.21283
84.8691 -22.6582 5.69534
82.1437 -21.2711 7.83058
83.9401 -17.9336 8.18067

85.2124 -17.7997 11.7114
88.5233 -16.0935 12.2205

End chain 4
