40.972 18.575 30.58
39.065 20.592 28.045
39.495 19.566 24.458

38.012 20.93 21.288
38.531 18.508 18.481
37.8 19.67 15.009
36.9 17.7 11.92
39.59 16.983 9.34
40.576 18.901 6.296

38.161 19.277 3.4
38.52 19.868 -0.284
35.355 21.361 -1.634
34.198 22.716 -4.98
33.325 26.288 -5.523
29.649 26.993 -5.018
29.432 24.041 -2.657

28.971 24.166 1.094
30.998 22.531 3.842
30.26 21.983 7.469
32.956 21.707 10.107
32.466 20.138 13.49
33.942 20.817 16.883
33.404 18.116 19.403
34.057 19.331 22.878

34.817 17.378 26.003
36.007 17.913 29.542
33.42 20.512 30.499
29.71 21.233 30.367
29.034 22.26 26.787

25.903 24.268 27.564
27.858 26.43 30.006
30.188 28.149 27.541

29.764 30.215 24.396
31.509 28.88 21.313
33.181 31.234 18.846
34.651 30.559 15.43
37.649 32.271 13.85
39.039 32.231 10.332
42.669 32.538 9.431
43.673 32.938 5.827

47.004 32.662 4.03
48.1 36.052 5.367
47.574 34.481 8.766
45.191 37.285 9.536

42.624 36.459 12.199
38.943 37.218 11.824
36.051 36.624 14.181

33.249 34.959 12.257
30.641 34.558 14.986

29.562 32.699 18.102
26.643 30.727 19.492
25.191 30.145 22.898
24.803 26.448 23.145

22.062 26.576 25.721
19.639 28.696 23.682
21.083 28.429 20.176

21.228 32.203 19.84

23.951 33.412 17.557
25.913 36.55 16.795
27.705 36.933 13.494
30.266 39.273 12.087
28.419 41.116 9.361

31.093 40.195 6.878
30.191 36.533 7.536
26.403 36.898 7.681
25.879 35.441 4.217
28.746 32.943 4.54
28.42 31.094 7.825

25.816 29.316 9.903
26.527 28.102 13.413
24.592 25.304 15.08

24.998 22.998 18.034
24.041 19.456 18.946
23.649 19.414 22.71

23.425 15.646 22.941
26.781 15.293 21.162
28.309 18.317 22.876

29.407 19.399 19.428

29.259 22.72 17.608
29.091 23.055 13.852
29.847 25.788 11.368
28.72 25.473 7.821
29.909 27.715 5.045
27.967 28.201 1.841

28.64 29.53 -1.653
32.292 28.669 -1.305
34.896 30.664 -3.165
38.685 30.553 -3.177

38.485 33.405 -0.712
36.999 30.854 1.678
40.114 28.704 1.644

41.546 29.081 5.108

41.979 27.482 8.488

38.934 27.644 10.725
39.128 27.453 14.481
36.477 26.793 17.043
37.036 28.296 20.426
35.61 28.441 23.966
34.804 31.703 25.613
35.321 31.988 29.348
34.128 34.508 31.817
36.656 35.197 34.499

33.884 36.244 36.848
34.63 39.864 36.188
33.003 41.19 32.97
35.975 39.969 31.033
35.702 37.586 28.151
38.495 35.688 26.521
38.922 32.725 24.252
40.484 30.249 26.7
40.665 27.176 24.574

41.113 26.742 20.871
40.598 23.81 18.559
43.316 22.417 16.28
41.89 24.195 13.292
40.509 22.765 10.071
41.998 23.575 6.704
39.433 24.042 3.999
40.607 24.294 0.438
38.166 25.432 -2.192

39.195 24.277 -5.629
37.952 22.743 -8.837
41.016 20.508 -8.877
40.554 16.893 -7.878
42.318 15.339 -4.939

45.301 13.136 -5.41
47.159 11.157 -2.777
50.84 11.454 -2.249
53.521 9.059 -3.341
55.953 8.353 -0.539
59.57 7.641 -1.338
62.396 6.834 0.961
65.228 9.244 1.597

68.332 7.257 2.395
71.953 8.066 1.881
73.934 6.143 -0.615
76.242 5.123 2.154
77.369 5.729 5.714
80.986 4.729 5.01
83.245 6.427 7.518
80.545 7.498 9.858
79.882 11.037 10.885
78.486 12.123 14.192
74.945 11.969 12.891
72.983 10.136 10.222
69.835 11.328 8.5
66.972 9.638 6.685
63.507 10.673 5.642

60.498 10.308 3.407
59.583 12.351 0.38
55.869 12.992 0.156
55.295 13.967 -3.416

52.593 15.201 -5.734
49.557 15.576 -3.49
46.581 17.925 -3.436
45.234 19.527 -1.444
47.142 19.96 1.72
47.596 19.076 4.441
49.492 15.855 4.992
50.566 14.566 8.384
53.72 12.624 8.938
54.825 10.638 11.959
57.729 8.306 12.554
57.549 4.886 14.16

53.88 5.503 14.807
54.696 8.526 16.933
57.395 6.743 18.885

60.145 8.861 17.382
59.63 12.605 17.771
63.126 13.906 18.465
65.265 15.232 15.648
62.367 15.11 13.229

61.803 17.98 10.843
58.777 17.938 8.587
59.152 20.688 6.019
56.366 22.891 4.922
54.856 21.92 1.602
55.933 23.705 -1.534
53.588 24.258 -4.411
55.128 22.821 -7.548
54.734 24.624 -10.865

52.376 21.789 -11.339
49.28 22.171 -9.326
50.579 19.642 -6.836
52.259 19.869 -3.402
55.45 18.166 -2.239
57.031 17.833 1.183

59.843 15.938 2.876
60.15 14.766 6.461
63.552 13.903 7.833
65.025 12.653 11.062
68.567 12.767 12.33
70.051 10.433 14.924

73.417 10.159 16.542
75.533 7.642 14.698

75.973 5.482 17.766
72.197 5.251 18.247
71.252 4.704 14.608
71.412 0.889 14.794
69.011 0.868 17.726

65.795 1.171 15.693
63.992 0.817 12.4
62.689 3.973 10.801
59.296 4.082 9.202

57.35 7.178 8.253
53.591 7.202 8.581
51.901 9.505 6.103
48.237 10.454 6.232

46.385 12.378 3.531
42.777 12.738 4.64

41.278 14.212 1.532
42.566 11.314 -0.529
41.962 8.873 2.308

45.521 7.712 1.765
47.57 6.186 4.539
50.983 4.864 3.776
53.839 3.476 5.786
57.288 3.567 4.314
60.178 1.88 6
63.447 3.464 5.115
65.946 0.643 4.75
69.105 1.215 6.803
71.238 -0.902 4.479

73.438 -1.851 7.397
74.877 -5.044 5.9
77.366 -5.765 3.148
78.766 -8.932 1.376
82.148 -9.965 -0.133
83.083 -6.365 -0.707
84.272 -4.672 -3.873
86.508 -1.865 -2.384

90.125 -1.975 -3.399
93.076 -0.962 -1.262
94.323 2.581 -1.311
97.831 3.165 -2.569

100.658 2.654 -0.139
103.994 4.199 -1.074
107.236 2.294 -0.981
109.917 1.013 -3.229
109.141 -1.697 -5.699
111.099 -4.813 -6.418

End chain 1
28.8048 49.1238 10.9086
31.8087 49.8206 13.0888

35.054 49.5905 11.2152
38.1272 48.5512 13.1268
41.3961 49.6166 11.6087
44.8341 48.3965 12.3169
46.8909 50.5663 10.0529

50.1095 48.6812 10.4704
49.6092 45.2461 8.99657
53.2329 44.2649 9.43033
55.3526 45.1849 12.4092
58.9897 44.3801 12.8784
60.2208 43.9107 16.4385
63.3826 42.7195 18.162
63.3921 40.0255 20.7813
63.1813 41.5136 24.2544
61.7493 44.701 22.8277

58.4123 46.2157 23.7986
55.904 45.9765 21.0171
52.7009 47.8989 20.6163
49.8859 46.9854 18.2634
47.222 49.5946 17.6919
43.5882 49.4148 16.6658
41.1565 52.292 16.146
37.3881 52.1652 15.8402
35.3271 54.3964 13.5825

33.119 55.1618 16.5752
33.4733 54.8781 20.3492
33.3779 51.2353 21.4693
33.281 51.9986 25.1896
36.0747 49.5471 25.9616
34.223 46.6092 24.5042
37.3247 45.37 22.7621

39.0585 42.0047 22.7331
42.4165 40.9453 21.3223
43.1688 37.6274 19.6672
46.3963 35.9522 18.6423
46.522 33.702 15.6353
49.6379 31.7347 15.0251

50.8237 30.4725 11.7256
49.0855 27.1367 12.3118
45.8732 29.057 12.0564
45.0976 28.4048 15.6949

43.4239 31.3275 17.461
43.563 32.2173 21.1352
41.9879 35.0074 23.1518

44.5992 37.1304 24.8932
42.6929 40.0616 26.3489
39.0581 40.908 26.9605
37.2972 44.1435 27.8741
40.3977 45.9768 26.6908
42.4581 45.3213 29.8423
41.6965 41.8964 31.2342

44.1186 39.0675 30.6353
42.659 35.742 29.7019
43.739 33.052 32.094

46.8675 31.3202 30.9243
48.1376 34.3658 29.0851
51.4916 35.5837 30.1536
51.7263 38.8456 32.0578

53.8708 40.2845 29.3063
50.645 40.9378 27.4305
48.6546 43.9899 28.4244

45.8282 45.9764 26.8589
45.0226 49.6563 27.0809
42.9301 52.4423 25.5914
39.4025 53.7963 25.6262
37.0185 55.4762 23.2573
38.2038 54.8078 19.7114
41.8269 53.8772 20.303
43.1634 50.6788 21.821

46.5676 49.0463 22.0417
47.9607 45.6227 22.8188
51.4171 45.756 24.3247
53.9744 43.0707 24.8211
56.4025 44.123 27.4944

59.2296 41.9484 26.3254
58.8614 40.0516 23.1055
59.5113 36.33 23.0903
59.9496 34.125 20.0689

56.6732 32.2851 20.7773
54.9506 35.6316 20.22
55.3077 35.3045 16.4484

51.7281 35.5809 15.2337
49.0804 37.9004 13.85
47.1233 39.9346 16.3575
43.5475 41.0285 15.8065
41.2919 43.4294 17.6826
37.5365 42.8443 17.8287
34.7368 45.1126 19.0488
31.5737 43.8481 20.7757

29.9951 47.2808 21.2628
27.5417 46.8512 18.4222
26.3882 44.1963 16.0085
27.7675 43.0882 13.7453

30.9184 42.2886 15.6268
33.8551 43.4699 13.5544
37.5786 42.7099 13.6146
40.6463 44.7161 12.7013
42.7464 43.7854 9.65578
45.3801 42.2571 11.9005
49.0366 42.914 12.5532
51.59 40.2595 11.8301
54.9097 40.4699 13.5813
58.238 40.0198 11.8566
60.6837 39.1603 14.5692
64.2196 40.3111 14.1589

67.0007 38.2524 15.5963
70.6916 37.7687 14.9344
71.811 36.7074 11.4949

72.1012 32.9891 10.93
73.199 31.349 7.7012
71.2056 28.5488 6.23272
72.3175 24.9482 6.07577
71.677 23.8527 2.55656

70.6788 20.4834 1.10806

69.8931 19.2781 -2.39918
67.6191 16.3731 -3.3534
67.4119 14.6527 -6.70942
64.1831 13.5177 -8.25503
63.0759 10.0069 -7.41822
62.724 7.34334 -10.0738

59.1737 6.97781 -8.89928
58.502 10.5144 -10.0719
60.7 10.2902 -13.1694
58.76 7.443 -14.6753
55.7644 9.77358 -14.925

57.6854 12.176 -17.1215
58.4997 15.0325 -14.7796

61.5162 15.6858 -12.5806
61.5378 17.8806 -9.50865
64.8104 18.8635 -7.91867
64.6212 20.4868 -4.54948
67.0386 22.5849 -2.60347
66.4156 23.3254 1.05204
67.6817 26.2779 3.06896
67.2349 25.4447 6.71594

66.8765 27.7065 9.76063
68.2062 31.0664 8.58454
67.583 34.7614 9.26504
66.9213 37.229 7.69546
64.4449 35.9692 5.13966
66.161 37.5221 2.12003
68.1382 34.8964 0.250636

69.1372 34.2363 -3.32896
68.7115 30.7386 -4.58532
70.3996 30.0611 -7.87284
69.9524 26.9211 -9.97275
72.7124 25.6323 -12.2368
72.4902 22.7629 -14.6522

75.7809 21.5637 -16.0796
76.8401 25.0499 -15.011
74.1518 26.7181 -17.0553

72.0908 28.9593 -14.918
68.405 28.4885 -15.0239
65.6625 31.0559 -14.9976

61.8924 30.7696 -14.8252
61.8029 27.0667 -14.0131
61.6808 27.16 -10.2329

59.3329 28.1403 -7.42235
60.1713 28.9477 -3.83009
58.228 28.438 -0.619549
59.0664 29.8094 2.79206
57.8574 28.7009 6.16717
56.6339 31.1152 8.77369
59.1894 32.1561 11.3604
59.8475 29.4036 13.8746
58.4095 29.9537 17.3208

61.5522 28.8657 19.1255
64.4413 30.0956 16.9352
62.6383 32.7738 14.8743

64.3383 31.4637 11.7407

62.9249 30.7271 8.299
63.3246 27.7075 6.06284
62.9261 27.8547 2.31245
62.5658 25.3413 -0.48559
63.3678 25.9302 -4.11929
62.0123 23.4025 -6.57506
63.2203 23.1926 -10.1227
60.8351 21.4076 -12.4414

62.1145 19.8317 -15.6521
60.7537 17.3601 -18.1391
62.2072 13.8915 -17.8271

63.8827 14.2893 -21.179
65.4963 17.5182 -20.1188
66.5899 16.0626 -16.8071
68.2984 13.1383 -18.5002
70.0306 15.5743 -20.81
72.3573 16.893 -18.133

74.7389 15.5174 -15.4981
75.0273 18.0137 -12.7436
72.4215 19.8941 -10.8045
73.5317 22.5342 -8.38216

71.891 25.0244 -6.04722
73.8658 28.1034 -5.11426
72.8187 30.0434 -2.07132
73.7491 33.6013 -1.21575

72.8665 34.9996 2.18554
74.0101 37.6945 4.59058

75.1147 34.9842 6.98637
77.4357 33.3548 4.53141
80.6684 34.9784 3.43325

80.6717 33.4477 -0.0366874

77.9271 31.518 -1.67776
77.3246 27.9118 -0.729626
76.7714 25.3375 -3.41237
75.3265 21.8804 -3.14418

75.0813 19.6116 -6.13666

77.0314 16.8313 -4.59637
79.0574 14.1351 -3.06388
80.4566 13.2748 0.285537

84.1096 12.3322 1.149
86.3354 13.3054 3.9791
89.3373 14.4258 6.13246

End chain 2
49.5698 -22.8186 -32.8707
48.2295 -19.5175 -31.6952
49.7595 -18.5737 -28.4102

49.6462 -15.5465 -26.1687
52.5043 -15.6377 -23.7307
52.2683 -13.111 -20.9313
55.032 -11.7896 -18.7255
55.5823 -13.2123 -15.2485
54.2032 -12.1955 -11.9307

55.1757 -8.85746 -10.5229
55.4728 -7.18335 -7.11481
54.8622 -3.50752 -7.21776
54.5847 -0.777487 -4.62394
51.5438 1.31871 -4.27699
51.6757 4.4462 -6.39155
53.9914 2.71004 -8.83819

53.1903 1.58739 -12.3653
53.4897 -1.84131 -13.967
53.7092 -2.91028 -17.5877
52.4828 -6.34686 -18.6364
53.3832 -7.86663 -21.9762
51.573 -10.2707 -24.2645
53.7961 -11.7716 -26.8843
51.7443 -13.3573 -29.5911

52.7616 -15.9312 -32.1433
51.2148 -18.2668 -34.6665
49.133 -15.6542 -36.4534
49.3268 -12.2243 -38.0398
49.3487 -9.82389 -35.1162

47.8938 -6.90721 -37.0505
44.8971 -8.97586 -38.1371
43.2378 -9.35142 -34.731

42.1041 -7.00469 -31.9643
43.5801 -7.65875 -28.5451
41.5597 -7.24317 -25.3648
42.5814 -7.29567 -21.7354
40.6066 -8.63747 -18.7842
41.0308 -8.35486 -15.0428
40.3333 -11.1574 -12.5856
40.2602 -10.2123 -8.90428

40.1794 -12.376 -5.7933
36.4158 -12.7964 -6.16491
37.2526 -14.342 -9.52007
35.0196 -11.7469 -11.0782

35.8522 -10.9059 -14.6641
36.0536 -7.3909 -15.9776
36.8043 -6.04852 -19.4394
39.5866 -3.45788 -19.2708
39.8065 -2.42764 -22.9154
41.1218 -3.39093 -26.3293
43.4635 -2.1786 -29.0328
43.5651 -2.5123 -32.7883
47.1203 -3.44703 -33.5198

47.0241 -2.17242 -37.045
45.8045 1.36492 -36.1665
46.7992 1.60762 -32.5359

43.2462 2.71596 -31.8114

41.9183 1.72009 -28.4327
38.68 1.44705 -26.4811
38.6251 1.42584 -22.7145
36.1316 0.550524 -20.0594
35.3732 3.83404 -18.3609

36.2209 2.35074 -15.009
39.7476 1.71207 -16.347
40.2724 4.98973 -18.225
42.5078 6.43654 -15.5309
44.1574 3.09188 -14.725
45.2577 1.39374 -17.9153

47.017 2.17192 -21.1391
47.2578 -0.260197 -24.0186
49.9987 -0.186491 -26.6227

51.4148 -2.47309 -29.2589
54.7946 -3.12309 -30.8074
54.0995 -4.46462 -34.2733

57.7205 -5.38414 -34.8547
57.7408 -7.77858 -31.8967
54.0617 -8.71946 -32.3397

53.4982 -7.94676 -28.6861

50.7906 -6.02799 -26.8702
51.3001 -4.23505 -23.5895
49.1306 -2.89701 -20.7999
50.5095 -0.554437 -18.255
48.6594 0.238624 -15.0926
49.4574 3.34634 -13.0874

48.7893 4.68334 -9.59596
48.5888 1.15068 -8.30374
46.6345 0.351443 -5.1778
45.7255 -2.92595 -3.51592

42.5363 -2.9276 -5.53338
44.7882 -3.45111 -8.54982
46.1016 -6.73264 -7.22843

44.6423 -9.29112 -9.58654

45.3161 -11.5851 -12.4965

45.3736 -9.88651 -15.8739
44.6059 -11.6963 -19.0872
45.4017 -10.7973 -22.6349
43.0089 -12.1442 -25.2453
42.5449 -12.2383 -28.9985
39.2624 -11.3792 -30.6417
38.1054 -13.5567 -33.472
35.5743 -12.6866 -36.0922
33.504 -15.5719 -37.2837

32.7471 -13.811 -40.5503
29.3316 -12.572 -39.5405
29.4967 -9.80667 -36.9306
30.0826 -12.2145 -34.1062
32.9569 -11.3855 -31.8271
34.4539 -13.6049 -29.1847
37.7134 -13.9733 -27.31
39.023 -17.0409 -29.1003
42.3892 -17.3254 -27.3787

43.4778 -16.2911 -23.9272
46.8724 -15.7985 -22.3801
48.0391 -17.5956 -19.2527
47.4216 -14.5655 -17.0531
49.7592 -12.435 -14.9785
49.3843 -12.0637 -11.2424
50.1811 -8.61309 -10.0539
50.4162 -8.02104 -6.37042
50.4491 -4.49937 -5.05697

52.0175 -4.28083 -1.65539
54.4955 -2.39072 0.484495
55.917 -5.66703 1.75444
59.2194 -6.82198 0.336571
59.6417 -10.0285 -1.5911

60.8205 -13.0837 0.25062
61.8889 -16.3182 -1.44233
60.6094 -19.5931 -0.147216
62.4747 -22.1921 1.8276
61.9652 -25.655 0.423082
61.9505 -28.6059 2.76981
61.527 -32.232 1.97401
58.4354 -34.1904 2.91222

59.4872 -37.7618 3.47711
57.9446 -40.4415 5.59296
59.557 -41.6457 8.77684
59.6652 -45.0498 7.22807
58.0972 -47.3024 4.71934
54.8421 -48.3302 6.3297

53.6014 -51.8957 6.01569
53.8643 -52.3377 2.24066
51.0205 -50.1597 1.22775

49.6983 -49.8533 -2.23719

51.1073 -46.3533 -2.41703
53.9318 -44.1766 -1.086
53.8971 -40.3847 -0.821996
56.6337 -37.7716 -0.91818
56.6524 -33.9991 -1.30528

58.1996 -30.5841 -0.82427
57.1301 -27.9053 1.62045
57.4473 -24.4415 0.170511
57.4341 -22.187 3.17648

57.1745 -18.4702 3.90952
57.3318 -16.7058 0.594441
55.7896 -13.4742 -0.621447
54.0487 -12.795 -2.77981
52.5824 -15.5532 -4.78856
52.7374 -17.3207 -7.0686
55.2027 -20.1649 -6.83837
55.4725 -22.8752 -9.46012
56.4507 -26.3947 -8.64122
57.4487 -29.2155 -10.9524
58.7931 -32.6747 -10.3091
61.7538 -34.2225 -12.0885

61.8958 -31.1858 -14.3392
58.3767 -31.8264 -15.5647
59.0123 -35.4923 -16.2094

56.7107 -36.5577 -13.3916
53.1777 -35.1774 -13.7353
50.9886 -38.0515 -12.6156
49.8487 -38.2565 -9.02814
51.1331 -34.8235 -8.14603

49.0403 -32.4598 -6.1187
50.2915 -28.9491 -5.56582
48.151 -27.3389 -2.89225
46.9288 -23.8367 -3.02687
48.8809 -21.4187 -0.88173
47.6063 -20.481 2.52531
48.1916 -17.0843 4.03014
50.0462 -17.585 7.28328
49.3835 -15.4078 10.3333

52.6576 -13.9523 9.31764
52.5335 -12.031 6.16876
53.9459 -15.0695 4.3726
52.4852 -17.7631 2.11648
53.1494 -21.4974 2.32485
52.2742 -24.4882 0.147905

53.1015 -28.1244 -0.132427
53.4404 -30.2056 -3.28415
53.0868 -33.925 -2.98822
53.2917 -36.9145 -5.26425
52.0575 -40.4598 -4.78912
53.418 -43.5334 -6.52988

52.5092 -47.1665 -6.43342
54.7758 -48.9769 -4.01282

56.0971 -51.2721 -6.71133
57.0505 -48.3296 -8.94127
58.5359 -46.1652 -6.18006
62.0329 -47.5884 -6.66083
61.9586 -46.6601 -10.3078

63.011 -43.0287 -9.99061
64.4666 -40.2354 -7.86219
62.1527 -37.4646 -6.74988
63.1289 -33.8261 -7.02401

60.8648 -30.8581 -6.62746
61.6704 -27.8413 -8.77283
60.4289 -24.632 -7.21509
60.4646 -21.2761 -8.94322
59.5887 -17.9775 -7.2924
59.9508 -15.3115 -9.94877

59.4928 -12.2644 -7.81085
62.3616 -13.397 -5.59584
64.3057 -14.7248 -8.53833

64.5976 -17.8708 -6.50566
64.8638 -21.2689 -8.05718
65.5317 -24.2907 -5.94375
65.7208 -27.9807 -6.58168
65.1934 -30.2668 -3.68811
65.7556 -33.9668 -3.88954
63.6623 -35.8444 -1.43588
65.8146 -38.718 -0.276722
63.995 -42.0429 -0.505229
66.0356 -43.6377 2.30208

65.7798 -47.0295 0.684145
68.6885 -48.7434 2.35626
69.2664 -49.92 5.88193
72.4567 -50.7805 7.80095
72.4362 -52.9084 10.9245
70.0268 -55.757 11.4021
66.3946 -54.6749 11.0021
65.6848 -54.7586 14.7446
67.4736 -54.4606 18.0411
69.7586 -57.2152 19.2113
71.9774 -57.8973 22.1423
75.6146 -56.8752 21.8462
76.8413 -60.4218 22.5551
77.3526 -62.7031 19.5744
76.3378 -66.3408 19.6943
73.7964 -67.4101 22.2027
72.5311 -65.2194 25.0007
73.1223 -65.7857 28.6798

End chain 3
38.4938 -51.7968 -28.1529
41.4548 -52.5328 -30.3569

44.6896 -52.6932 -28.4259
47.9133 -51.5977 -30.0657
50.9644 -53.1301 -28.4774
54.4901 -51.9293 -28.8872
56.3229 -54.5259 -26.8915

59.6758 -52.8529 -26.9684
59.4005 -49.4963 -25.2513
63.0886 -48.7151 -25.4674
65.3142 -49.5305 -28.3992
68.9882 -48.8721 -28.6559
70.443 -48.2797 -32.0995
73.7187 -47.0919 -33.5713
74.0348 -44.1692 -35.9829
74.0177 -45.5448 -39.5562
72.1991 -48.7491 -38.5565

68.7504 -49.7395 -39.7494
66.146 -49.7313 -37.0192
62.7493 -51.3245 -36.8823
59.9655 -50.511 -34.5053
57.0625 -52.8594 -34.3997
53.43 -52.6327 -33.3699
50.783 -55.3331 -33.319
47.0187 -54.9796 -33.0902
44.6798 -57.215 -31.1341

42.6623 -57.678 -34.3209
43.051 -57.0199 -38.0467
43.5612 -53.3272 -38.8037
43.2347 -53.6584 -42.559
46.2991 -51.4329 -42.969
44.6296 -48.4575 -41.3848
47.6984 -47.6305 -39.38

49.6859 -44.4165 -39.0063
53.0489 -43.6994 -37.3923
53.9069 -40.5851 -35.4281
57.1756 -39.2368 -34.1026
57.3678 -37.2025 -30.9639
60.5193 -35.2915 -30.1134

61.6395 -34.7539 -26.6108
60.2484 -31.2214 -26.7968
56.8389 -32.8168 -27.0526
56.2027 -31.8615 -30.6408

54.4462 -34.5277 -32.6661
54.6864 -35.1362 -36.3984
53.0583 -37.6169 -38.7388

55.6138 -39.7648 -40.5193
53.5935 -42.4255 -42.3058
49.94 -42.958 -43.1005
47.9941 -45.9491 -44.3737
50.8429 -48.2141 -43.3254
53.3094 -47.177 -45.9654
52.7208 -43.7645 -47.4147

55.2892 -41.1765 -46.4556
53.9916 -37.8579 -45.2962
55.3783 -35.0364 -47.3702

58.5372 -33.5726 -45.9449
59.4448 -36.878 -44.3531
62.7837 -38.2574 -45.3353
62.9335 -41.3391 -47.5296

64.8416 -43.0492 -44.7252
61.4833 -43.7563 -43.1585
59.3618 -46.5785 -44.482

56.3496 -48.483 -43.194
55.2706 -52.0521 -43.7974
52.9655 -54.8176 -42.6224
49.3542 -55.8946 -42.9071

46.7366 -57.5622 -40.7833
47.8813 -57.4002 -37.1663
51.5527 -56.5987 -37.533

53.1242 -53.353 -38.6692

56.6488 -51.9644 -38.6117
58.3067 -48.6086 -39.0902
61.8006 -48.8798 -40.4479
64.5617 -46.333 -40.5474
66.9877 -47.2691 -43.2855

69.8976 -45.4433 -41.7382
69.5941 -43.6433 -38.4098
70.4632 -39.9959 -38.2151
70.8299 -38.1831 -34.947

67.7234 -36.0865 -35.6642
65.8035 -39.3461 -35.379
66.0083 -39.3437 -31.578

62.3783 -39.4947 -30.531
59.5335 -41.7316 -29.4282
57.5662 -43.4265 -32.1704
53.9084 -44.309 -31.871
51.6098 -46.4704 -33.97
47.9155 -45.5447 -34.2679
44.9895 -47.5164 -35.6896

42.0227 -45.8818 -37.4887
40.2133 -49.1206 -38.3495
37.6829 -48.7913 -35.5543
36.6324 -46.3288 -32.885
37.9607 -45.5067 -30.5435

41.2202 -44.7099 -32.2412
43.9649 -46.3219 -30.2184
47.7344 -45.7902 -30.0412
50.6322 -48.0584 -29.1936
52.6657 -47.5276 -26.0126
55.4837 -45.9921 -28.0107
59.1124 -46.8339 -28.5933
61.824 -44.456 -27.4421
65.1483 -44.7038 -29.198
68.4531 -44.5668 -27.3814
71.1091 -43.7316 -29.9319
74.5318 -45.2946 -29.5837

77.4062 -43.0619 -30.4958
81.139 -42.9417 -29.8854
82.2629 -42.1998 -26.357
82.7368 -38.5803 -25.4256

83.8068 -37.3463 -22.0136
81.9211 -34.5682 -20.3884
83.2411 -31.086 -19.7913
82.603 -30.2896 -16.1681

81.7353 -27.0026 -14.4881

80.8522 -26.0817 -10.9148
78.6953 -23.1711 -9.73145
78.4243 -21.7746 -6.2335
75.2481 -20.5182 -4.68681
74.3889 -16.8787 -5.26354
74.1239 -14.5383 -2.32322

70.6635 -13.6974 -3.54976
69.7052 -17.2966 -2.81069
71.7836 -17.518 0.374804
69.9299 -14.6404 1.92604
66.8052 -16.8129 1.97148

68.4867 -19.5299 3.99537
69.1966 -22.2284 1.43722

72.2617 -22.908 -0.695773
72.2828 -24.7654 -3.97737
75.5673 -25.8923 -5.50148
75.4544 -27.0882 -9.08059
77.7513 -29.3461 -11.0699
77.3102 -29.528 -14.8292
78.4212 -32.3865 -17.0585
78.1568 -31.2258 -20.624

77.7758 -33.1432 -23.8904
78.883 -36.6596 -23.0065
78.0871 -40.2093 -24.0969
77.2306 -42.7685 -22.7749
74.6761 -41.7018 -20.1935
76.1988 -43.5664 -17.2651
78.2564 -41.2396 -15.1047

79.1674 -40.9972 -11.452
79.0085 -37.6092 -9.86645
80.634 -37.2777 -6.49139
80.2912 -34.2591 -4.14388

82.7255 -33.5306 -1.35033
82.8137 -30.7282 1.07868

86.0569 -30.2384 2.90342
87.0995 -33.6126 1.57594
84.0571 -35.3204 3.0064

81.9996 -37.4403 0.665746
78.399 -36.3292 0.706238
75.4045 -38.5696 0.303765

71.6402 -38.079 0.137146
71.9571 -34.3031 -0.3482
72.0237 -34.0843 -4.15269

69.5903 -34.538 -7.01477
70.4536 -35.2786 -10.6197
68.7349 -34.2256 -13.8756
69.5638 -35.3999 -17.3598
68.6194 -33.8744 -20.6708
67.3165 -35.9007 -23.5732
69.9399 -36.8604 -26.0889
70.9491 -34.0422 -28.4217
69.496 -34.1388 -31.9089

72.7539 -33.1791 -33.5867
75.3806 -34.5738 -31.1964
73.4372 -37.4435 -29.5926

75.1046 -36.5585 -26.2963

73.5798 -36.0117 -22.8774
74.0594 -33.2563 -20.3423
73.7388 -33.8013 -16.6048
73.2096 -31.5185 -13.6314
73.8869 -32.4483 -10.0216
72.5675 -30.0721 -7.41574
73.7068 -30.2555 -3.84029
71.3982 -28.4536 -1.49598

72.3444 -27.3871 2.00352
71.0912 -24.979 4.62308
72.8691 -21.6549 4.73561

74.3568 -22.5513 8.06315
75.7619 -25.7783 6.76724
77.0773 -24.0724 3.65293
78.9292 -21.4477 5.67643
80.3764 -24.2301 7.80632
82.6325 -25.4834 5.01874

85.2503 -23.9222 2.74888
85.7747 -26.3143 -0.140113
83.1625 -27.7028 -2.4733
83.9133 -29.9656 -5.30728

82.4633 -32.3985 -7.73662
84.3814 -35.3474 -9.03255
83.1379 -36.9833 -12.165
83.8865 -40.4878 -13.3404

83.0435 -41.4909 -16.889
84.1029 -43.961 -19.5602

85.5053 -41.0582 -21.5578
87.8558 -39.9842 -18.7812
90.8702 -42.0448 -17.8424

90.8369 -40.5954 -14.3586

88.1837 -38.6908 -12.5486
87.9403 -34.9885 -13.1774
87.3151 -32.6309 -10.2936
85.9846 -29.098 -10.3156

86.3054 -27.1327 -7.13782

85.7053 -23.8203 -5.47653
86.584 -22.2732 -2.13927
84.0258 -20.2557 -0.323704
86.273 -17.1836 -0.305896

87.448 -16.7719 3.23709
90.9538 -15.4913 3.68639

End chain 4
