40.972 18.575 30.58
39.065 20.592 28.045
39.495 19.566 24.458

38.012 20.93 21.288
38.531 18.508 18.481
37.8 19.67 15.009
36.9 17.7 11.92
39.59 16.983 9.34
40.576 18.901 6.296

38.161 19.277 3.4
38.52 19.868 -0.284
35.355 21.361 -1.634
34.198 22.716 -4.98
33.325 26.288 -5.523
29.649 26.993 -5.018
29.432 24.041 -2.657

28.971 24.166 1.094
30.998 22.531 3.842
30.26 21.983 7.469
32.956 21.707 10.107
32.466 20.138 13.49
33.942 20.817 16.883
33.404 18.116 19.403
34.057 19.331 22.878

34.817 17.378 26.003
36.007 17.913 29.542
33.42 20.512 30.499
29.71 21.233 30.367
29.034 22.26 26.787

25.903 24.268 27.564
27.858 26.43 30.006
30.188 28.149 27.541

29.764 30.215 24.396
31.509 28.88 21.313
33.181 31.234 18.846
34.651 30.559 15.43
37.649 32.271 13.85
39.039 32.231 10.332
42.669 32.538 9.431
43.673 32.938 5.827

47.004 32.662 4.03
48.1 36.052 5.367
47.574 34.481 8.766
45.191 37.285 9.536

42.624 36.459 12.199
38.943 37.218 11.824
36.051 36.624 14.181

33.249 34.959 12.257
30.641 34.558 14.986

29.562 32.699 18.102
26.643 30.727 19.492
25.191 30.145 22.898
24.803 26.448 23.145

22.062 26.576 25.721
19.639 28.696 23.682
21.083 28.429 20.176

21.228 32.203 19.84

23.951 33.412 17.557
25.913 36.55 16.795
27.705 36.933 13.494
30.266 39.273 12.087
28.419 41.116 9.361

31.093 40.195 6.878
30.191 36.533 7.536
26.403 36.898 7.681
25.879 35.441 4.217
28.746 32.943 4.54
28.42 31.094 7.825

25.816 29.316 9.903
26.527 28.102 13.413
24.592 25.304 15.08

24.998 22.998 18.034
24.041 19.456 18.946
23.649 19.414 22.71

23.425 15.646 22.941
26.781 15.293 21.162
28.309 18.317 22.876

29.407 19.399 19.428

29.259 22.72 17.608
29.091 23.055 13.852
29.847 25.788 11.368
28.72 25.473 7.821
29.909 27.715 5.045
27.967 28.201 1.841

28.64 29.53 -1.653
32.292 28.669 -1.305
34.896 30.664 -3.165
38.685 30.553 -3.177

38.485 33.405 -0.712
36.999 30.854 1.678
40.114 28.704 1.644

41.546 29.081 5.108

41.979 27.482 8.488

38.934 27.644 10.725
39.128 27.453 14.481
36.477 26.793 17.043
37.036 28.296 20.426
35.61 28.441 23.966
34.804 31.703 25.613
35.321 31.988 29.348
34.128 34.508 31.817
36.656 35.197 34.499

33.884 36.244 36.848
34.63 39.864 36.188
33.003 41.19 32.97
35.975 39.969 31.033
35.702 37.586 28.151
38.495 35.688 26.521
38.922 32.725 24.252
40.484 30.249 26.7
40.665 27.176 24.574

41.113 26.742 20.871
40.598 23.81 18.559
43.316 22.417 16.28
41.89 24.195 13.292
40.509 22.765 10.071
41.998 23.575 6.704
39.433 24.042 3.999
40.607 24.294 0.438
38.166 25.432 -2.192

39.195 24.277 -5.629
37.952 22.743 -8.837
41.016 20.508 -8.877
40.554 16.893 -7.878
42.318 15.339 -4.939

45.301 13.136 -5.41
47.159 11.157 -2.777
50.84 11.454 -2.249
53.521 9.059 -3.341
55.953 8.353 -0.539
59.57 7.641 -1.338
62.396 6.834 0.961
65.228 9.244 1.597

68.332 7.257 2.395
71.953 8.066 1.881
73.934 6.143 -0.615
76.242 5.123 2.154
77.369 5.729 5.714
80.986 4.729 5.01
83.245 6.427 7.518
80.545 7.498 9.858
79.882 11.037 10.885
78.486 12.123 14.192
74.945 11.969 12.891
72.983 10.136 10.222
69.835 11.328 8.5
66.972 9.638 6.685
63.507 10.673 5.642

60.498 10.308 3.407
59.583 12.351 0.38
55.869 12.992 0.156
55.295 13.967 -3.416

52.593 15.201 -5.734
49.557 15.576 -3.49
46.581 17.925 -3.436
45.234 19.527 -1.444
47.142 19.96 1.72
47.596 19.076 4.441
49.492 15.855 4.992
50.566 14.566 8.384
53.72 12.624 8.938
54.825 10.638 11.959
57.729 8.306 12.554
57.549 4.886 14.16

53.88 5.503 14.807
54.696 8.526 16.933
57.395 6.743 18.885

60.145 8.861 17.382
59.63 12.605 17.771
63.126 13.906 18.465
65.265 15.232 15.648
62.367 15.11 13.229

61.803 17.98 10.843
58.777 17.938 8.587
59.152 20.688 6.019
56.366 22.891 4.922
54.856 21.92 1.602
55.933 23.705 -1.534
53.588 24.258 -4.411
55.128 22.821 -7.548
54.734 24.624 -10.865

52.376 21.789 -11.339
49.28 22.171 -9.326
50.579 19.642 -6.836
52.259 19.869 -3.402
55.45 18.166 -2.239
57.031 17.833 1.183

59.843 15.938 2.876
60.15 14.766 6.461
63.552 13.903 7.833
65.025 12.653 11.062
68.567 12.767 12.33
70.051 10.433 14.924

73.417 10.159 16.542
75.533 7.642 14.698

75.973 5.482 17.766
72.197 5.251 18.247
71.252 4.704 14.608
71.412 0.889 14.794
69.011 0.868 17.726

65.795 1.171 15.693
63.992 0.817 12.4
62.689 3.973 10.801
59.296 4.082 9.202

57.35 7.178 8.253
53.591 7.202 8.581
51.901 9.505 6.103
48.237 10.454 6.232

46.385 12.378 3.531
42.777 12.738 4.64

41.278 14.212 1.532
42.566 11.314 -0.529
41.962 8.873 2.308

45.521 7.712 1.765
47.57 6.186 4.539
50.983 4.864 3.776
53.839 3.476 5.786
57.288 3.567 4.314
60.178 1.88 6
63.447 3.464 5.115
65.946 0.643 4.75
69.105 1.215 6.803
71.238 -0.902 4.479

73.438 -1.851 7.397
74.877 -5.044 5.9
77.366 -5.765 3.148
78.766 -8.932 1.376
82.148 -9.965 -0.133
83.083 -6.365 -0.707
84.272 -4.672 -3.873
86.508 -1.865 -2.384

90.125 -1.975 -3.399
93.076 -0.962 -1.262
94.323 2.581 -1.311
97.831 3.165 -2.569

100.658 2.654 -0.139
103.994 4.199 -1.074
107.236 2.294 -0.981
109.917 1.013 -3.229
109.141 -1.697 -5.699
111.099 -4.813 -6.418

End chain 1
34.406 48.454 13.169
37.397 48.763 15.454

40.655 48.207 13.673
43.529 46.789 15.65
46.944 47.51 14.256
50.199 45.896 15.037
52.558 47.866 12.888

55.53 45.622 13.356
54.696 42.296 11.786
58.171 40.904 12.304
60.283 41.518 15.366
63.79 40.299 15.924
64.845 39.621 19.507
67.796 38.046 21.295
67.419 35.315 23.848
67.264 36.746 27.348
66.245 40.103 25.956

63.069 41.964 26.863
60.641 42.066 24.003
57.688 44.345 23.553
54.866 43.803 21.096
52.531 46.707 20.508
48.935 46.959 19.37
46.859 50.102 18.847
43.112 50.407 18.426
41.388 52.902 16.162

39.184 53.85 19.105
39.382 53.451 22.88
38.843 49.82 23.909
38.712 50.513 27.642
41.187 47.747 28.438
39.066 45.067 26.856
42.064 43.522 25.178

43.41 39.984 25.12
46.672 38.582 23.785
47.101 35.235 22.074
50.152 33.228 21.106
50.122 31.04 18.051
53.016 28.747 17.487

54.159 27.427 14.195
52.04 24.297 14.649
49.073 26.572 14.344
48.112 25.937 17.941

46.72 28.993 19.726
46.839 29.786 23.423
45.522 32.694 25.458

48.297 34.473 27.327
46.685 37.57 28.795
43.15 38.808 29.318
41.734 42.202 30.256
45.057 43.698 29.21
46.928 42.75 32.405
45.743 39.405 33.691

47.851 36.334 33.097
46.059 33.214 32.041
46.753 30.371 34.399

49.704 28.322 33.282
51.366 31.242 31.555
54.799 32.052 32.752
55.336 35.227 34.74

57.716 36.471 32.089
54.646 37.522 30.134
52.979 40.758 31.141

50.445 43.082 29.54
50.05 46.824 29.826
48.332 49.858 28.342
44.979 51.6 28.304
42.876 53.586 25.906
44.093 52.861 22.382
47.568 51.516 23.059
48.488 48.157 24.539

51.679 46.147 24.822
52.654 42.573 25.558
56.053 42.285 27.169
58.276 39.319 27.677
60.719 40.036 30.446

63.321 37.581 29.31
62.847 35.804 26.036
63.076 32.034 25.951
63.362 29.856 22.892

59.879 28.383 23.458
58.561 31.913 22.93
59.001 31.625 19.164

55.516 32.328 17.85
53.191 34.959 16.444
51.394 37.149 18.94
47.983 38.65 18.309
45.951 41.251 20.174
42.151 41.09 20.194
39.585 43.634 21.384
36.246 42.699 22.985

35.047 46.277 23.507
32.654 46.185 20.585
31.289 43.727 18.075
32.608 42.517 15.828

35.587 41.329 17.783
38.703 42.214 15.828
42.314 41.038 15.981
45.615 42.704 15.208
47.695 41.605 12.205
50.067 39.744 14.49
53.751 39.971 15.267
56.013 37.061 14.557
59.277 36.86 16.411
62.588 36.073 14.776
64.833 34.888 17.539
68.487 35.641 17.262

70.972 33.253 18.732
74.605 32.37 18.169
75.709 31.26 14.74

75.599 27.545 14.095
76.61 25.858 10.862
74.364 23.331 9.268
75.07 19.632 9.058
74.425 18.688 5.496

73.103 15.483 3.938

72.301 14.446 0.381
69.748 11.836 -0.71
69.458 10.219 -4.111
66.174 9.487 -5.779
64.654 6.107 -5.06
64.092 3.555 -7.788

60.487 3.568 -6.729
60.254 7.181 -7.836
62.512 6.774 -10.871
60.315 4.195 -12.502
57.609 6.853 -12.785

59.857 9.068 -14.865
60.91 11.766 -12.432

63.908 12.03 -10.129
64.076 14.145 -7.006
67.385 14.72 -5.296
67.27 16.285 -1.896
69.843 18.057 0.171
69.189 18.788 3.823
70.712 21.537 5.947
70.057 20.685 9.558

69.856 22.91 12.644
71.591 26.122 11.589
71.364 29.849 12.339
71.034 32.407 10.81
68.516 31.487 8.152
70.492 32.898 5.223
72.222 30.105 3.351

73.256 29.41 -0.212
72.482 26.009 -1.564
74.189 25.213 -4.815
73.461 22.187 -7.002
76.131 20.642 -9.213
75.667 17.866 -11.702

78.847 16.333 -13.059
80.255 19.655 -11.876
77.838 21.657 -13.959

75.973 24.072 -11.831
72.263 24.022 -12.058
69.826 26.881 -12.052

66.044 27.018 -11.999
65.514 23.333 -11.279
65.281 23.362 -7.503

62.968 24.543 -4.741
63.775 25.177 -1.107
61.684 24.824 2.031
62.56 26.022 5.498
61.126 24.988 8.808
60.097 27.471 11.434
62.668 28.164 14.12
62.932 25.304 16.586
61.454 25.942 20

64.395 24.47 21.871
67.473 25.411 19.798
66.049 28.317 17.749

67.692 26.888 14.637

66.317 26.386 11.138
66.448 23.387 8.843
66.19 23.655 5.087
65.641 21.256 2.22
66.621 21.825 -1.373
65.071 19.517 -3.928
66.362 19.245 -7.442
63.868 17.788 -9.873

65.066 16.144 -13.081
63.518 13.893 -15.666
64.563 10.277 -15.394

66.38 10.552 -18.684
68.31 13.556 -17.499
69.126 11.919 -14.192
70.55 8.856 -15.903
72.618 11.128 -18.101
74.99 12.121 -15.325

77.116 10.432 -12.654
77.593 12.823 -9.833
75.153 14.945 -7.928
76.473 17.393 -5.411

75.047 20.004 -3.067
77.323 22.821 -2.002
76.402 24.804 1.054
77.697 28.216 2.022

76.867 29.635 5.428
78.227 32.134 7.93

78.943 29.268 10.292
81.145 27.438 7.869
84.573 28.709 6.907

84.517 27.259 3.403

81.628 25.685 1.635
80.595 22.151 2.478
79.844 19.711 -0.281
78.013 16.434 -0.139

77.612 14.269 -3.191

77.044 10.762 -4.452
77.894 9.014 -7.692
74.904 7.384 -9.305

75.343 4.274 -11.2
76.575 3.372 -14.596
79.178 0.849 -15.507

End chain 2
41.105 -18.209 -30.143
39.151 -20.598 -28.01
39.504 -19.715 -24.388

37.986 -20.946 -21.166
38.514 -18.414 -18.44
37.711 -19.653 -14.962
36.948 -17.628 -11.869
39.643 -16.957 -9.28
40.641 -18.855 -6.223

38.213 -19.084 -3.373
38.293 -19.605 0.399
35.253 -21.312 1.718
34.191 -22.636 5.091
33.286 -26.194 5.623
29.605 -26.86 5.097
29.402 -23.925 2.708

28.916 -24.042 -1.046
31.029 -22.564 -3.832
30.211 -21.723 -7.427
32.95 -21.734 -10.056
32.485 -20.132 -13.446
33.907 -20.912 -16.861
33.445 -18.123 -19.324
34.032 -19.35 -22.817

34.804 -17.377 -25.929
35.996 -17.909 -29.466
33.433 -20.54 -30.394
29.724 -21.285 -30.314
29.025 -22.251 -26.724

25.985 -24.37 -27.52
27.96 -26.478 -29.989
30.254 -28.218 -27.498

29.803 -30.249 -24.317
31.595 -28.934 -21.258
33.195 -31.242 -18.712
34.679 -30.561 -15.313
37.662 -32.263 -13.696
39.054 -32.261 -10.186
42.751 -32.26 -9.343
43.668 -32.929 -5.715

46.976 -32.596 -3.895
48.058 -36 -5.207
47.623 -34.449 -8.635
45.217 -37.237 -9.401

42.639 -36.409 -12.033
38.982 -37.196 -11.675
36.053 -36.611 -14.005
33.258 -34.791 -12.173
30.637 -34.597 -14.909
29.564 -32.768 -18.042
26.719 -30.699 -19.416
25.239 -30.186 -22.847
24.852 -26.468 -23.121

22.153 -26.659 -25.717
19.831 -28.982 -23.721
21.07 -28.418 -20.203

21.305 -32.187 -19.862

24.037 -33.419 -17.584
25.945 -36.565 -16.672
27.722 -36.925 -13.37
30.293 -39.238 -11.93
28.458 -41.114 -9.218

31.076 -40.132 -6.701
30.162 -36.482 -7.392
26.369 -36.842 -7.562
25.851 -35.397 -4.099
28.687 -32.867 -4.436
28.396 -31.033 -7.726

25.819 -29.338 -9.866
26.503 -28.117 -13.374
24.581 -25.326 -15.052

24.974 -23.057 -18.032
24.007 -19.525 -18.945
23.711 -19.479 -22.714

23.365 -15.716 -22.835
26.775 -15.203 -21.225
28.248 -18.36 -22.8

29.416 -19.438 -19.374

29.264 -22.748 -17.549
29.133 -23.094 -13.794
29.8 -25.796 -11.238
28.652 -25.427 -7.715
29.881 -27.689 -4.99
27.968 -28.062 -1.747

28.604 -29.4 1.75
32.266 -28.605 1.366
34.862 -30.47 3.369
38.646 -30.456 3.266

38.471 -33.308 0.801
36.984 -30.761 -1.596
40.085 -28.612 -1.524

41.523 -29.006 -4.99

41.972 -27.415 -8.374

38.943 -27.604 -10.629
39.181 -27.503 -14.387
36.58 -26.731 -16.969
37.089 -28.363 -20.35
35.54 -28.46 -23.8
34.826 -31.698 -25.594
35.648 -31.884 -29.252
34.293 -34.332 -31.742
36.696 -35.301 -34.447

33.859 -36.29 -36.753
34.082 -39.993 -36.076
32.892 -40.91 -32.579
36.117 -39.846 -30.971
35.782 -37.57 -27.996
38.545 -35.686 -26.274
38.953 -32.641 -24.075
40.43 -30.302 -26.659
40.67 -27.169 -24.537

41.128 -26.746 -20.825
40.617 -23.812 -18.525
43.323 -22.412 -16.269
41.903 -24.118 -13.191
40.49 -22.736 -9.966
41.994 -23.518 -6.595
39.41 -23.93 -3.929
40.556 -24.198 -0.381
38.151 -25.366 2.261

39.168 -24.232 5.69
37.957 -22.648 8.902
41.004 -20.394 8.954
40.547 -16.79 7.928
42.29 -15.237 4.974

45.471 -13.329 5.571
47.193 -11.175 2.951
50.893 -11.482 2.446
53.583 -9.076 3.499
56.009 -8.37 0.699
59.619 -7.667 1.529
62.446 -6.88 -0.784
65.288 -9.281 -1.441

68.348 -7.227 -2.214
71.983 -8.036 -1.802
74.103 -6.402 0.848
76.265 -5.117 -1.922
77.398 -5.696 -5.416
79.796 -8.596 -5.125

82.989 -8.642 -7.163
81.554 -7.941 -10.622
79.902 -11.224 -11.213

78.349 -12.282 -14.425

74.943 -12.015 -12.814
73.03 -10.124 -10.121
69.924 -11.352 -8.306
66.998 -9.56 -6.708
63.594 -10.677 -5.464

60.534 -10.308 -3.276
59.635 -12.354 -0.226
55.931 -13.004 0.015
55.403 -13.965 3.609

52.632 -15.422 5.758
49.552 -15.542 3.607
46.597 -17.901 3.558
45.431 -19.58 1.565
47.203 -19.948 -1.678
47.618 -19.064 -4.397
49.566 -15.868 -4.857
50.6 -14.555 -8.248
53.751 -12.608 -8.791
54.85 -10.597 -11.798
57.781 -8.307 -12.392
57.573 -4.875 -13.975

53.904 -5.492 -14.657
54.72 -8.525 -16.762
57.399 -6.735 -18.731

60.162 -8.821 -17.186
59.665 -12.566 -17.669
63.158 -13.844 -18.356
65.267 -15.16 -15.522
62.44 -15.079 -13.029

61.86 -17.962 -10.699
58.822 -17.909 -8.471
59.196 -20.658 -5.897
56.435 -22.888 -4.81
54.901 -21.966 -1.485
55.983 -23.748 1.64
53.642 -24.37 4.517
55.136 -22.73 7.575
54.849 -24.286 11.036

52.357 -21.55 11.453
49.287 -21.999 9.454
50.712 -19.571 6.899
52.313 -19.933 3.466
55.439 -18.166 2.227
57.191 -17.888 -1.135

59.968 -15.956 -2.729
60.203 -14.728 -6.309
63.599 -13.937 -7.683
65.047 -12.628 -10.9
68.587 -12.74 -12.232
70.08 -10.355 -14.764

73.442 -10.1 -16.397
75.57 -7.595 -14.534

75.964 -5.408 -17.593
72.192 -5.229 -18.122
71.271 -4.722 -14.46
71.431 -0.929 -14.73
68.966 -0.982 -17.574

65.763 -1.135 -15.546
64.019 -0.798 -12.185
62.72 -3.94 -10.539
59.255 -4.118 -9.046

57.444 -7.214 -7.938
53.683 -7.205 -8.393
51.961 -9.504 -5.94
48.287 -10.364 -6.05
46.445 -12.352 -3.399
42.852 -12.612 -4.547

41.351 -14.167 -1.482
42.662 -11.284 0.613
41.969 -8.786 -2.122

45.527 -7.706 -1.585
47.645 -6.273 -4.321
51.045 -4.882 -3.58
53.854 -3.508 -5.649
57.272 -3.542 -4.168
60.203 -1.848 -5.776
63.441 -3.455 -4.848
65.919 -0.624 -4.568
69.084 -1.3 -6.554
71.261 0.892 -4.308

73.467 1.834 -7.212
75.013 4.98 -5.831
77.514 5.597 -3.09
78.379 8.725 -1.073
81.648 9.103 0.786
84.874 7.662 -0.504
84.629 3.92 -1.183
86.604 2.961 1.931
87.452 4.288 5.348
89.802 7.207 5.716
91.215 9.275 8.492
89.34 12.429 9.44
92.404 14.629 8.842
92.848 16.068 5.366
96.25 16.222 3.729
98.93 13.936 4.948
98.658 11.826 8.063
100.706 12.254 11.198

End chain 3
44.3216 -55.2649 -15.3576
47.133 -55.2396 -17.8602

50.4545 -54.3838 -16.2939
53.0479 -52.5023 -18.2978
56.5533 -53.0294 -17.0271
59.5275 -50.9015 -17.8439
62.2178 -52.7729 -16.0151

64.9254 -50.2253 -16.4905
63.8732 -47.0042 -14.8147
67.1419 -45.2229 -15.4491
69.2023 -45.5172 -18.5925
72.4885 -43.8596 -19.2636
73.3599 -43.0484 -22.8564
75.9931 -41.0556 -24.7008
75.2152 -38.2841 -27.1851
75.2351 -39.7809 -30.7093
74.5206 -43.3161 -29.4578

71.3989 -45.2988 -30.2461
69.1887 -45.8947 -27.2467
66.4225 -48.3752 -26.7083
63.7751 -48.2677 -24.0548
61.6926 -51.3335 -23.5881
58.2698 -52.0939 -22.1694
56.5266 -55.427 -21.7787
52.8616 -56.1424 -21.1439
51.4696 -58.8501 -18.9022

49.3606 -60.0199 -21.839
49.1691 -59.4612 -25.5962
48.5212 -55.8165 -26.4715
47.9288 -56.4094 -30.1615
50.1697 -53.4305 -30.9463
47.8852 -50.9755 -29.2422
50.7731 -49.2172 -27.6024

51.7832 -45.5579 -27.5078
54.9438 -43.8408 -26.2866
55.0657 -40.5191 -24.4855
57.9266 -38.2379 -23.5521
57.8414 -36.0819 -20.4909
60.3817 -33.3181 -20.0269

61.6459 -32.3153 -16.6791
59.2896 -29.3342 -16.7749
56.4726 -31.8397 -16.6253
55.2331 -31.2796 -20.1385

54.1205 -34.4293 -21.9098
54.1499 -35.1263 -25.6342
53.0749 -38.0774 -27.736

55.9468 -39.4987 -29.7475
54.6053 -42.7061 -31.2525
51.1971 -44.2887 -31.6309
50.0726 -47.7665 -32.6279
53.5411 -49.079 -31.8584
55.3294 -47.5164 -34.772
53.6456 -44.4848 -36.2093

55.4472 -41.2322 -35.5856
53.3761 -38.364 -34.3508
53.6811 -35.37 -36.6155

56.4143 -33.0046 -35.573
58.3857 -35.8364 -34.0309
61.8639 -36.2609 -35.3492
62.6699 -39.2774 -37.4905

65.2589 -40.2389 -34.8824
62.4187 -41.79 -32.9434
61.0734 -45.1582 -33.9741

58.8781 -47.772 -32.3284
58.8123 -51.5255 -32.7447
57.5262 -54.7696 -31.2736
54.3654 -56.8369 -31.1398

52.5619 -59.0713 -28.7112
53.9687 -58.4158 -25.2456
57.2003 -56.6272 -26.0282

57.6538 -53.1289 -27.3889

60.62 -50.7986 -27.7445
61.19 -47.1384 -28.4631
64.4608 -46.4757 -30.1916
66.3518 -43.2598 -30.6402
68.6572 -43.6036 -33.6111

71.0617 -40.9559 -32.4265
70.5902 -39.1552 -29.1181
70.3927 -35.406 -29.0863
70.55 -33.4064 -25.9117

66.9175 -32.312 -26.3208
66.0508 -35.9637 -25.7673
66.6261 -35.718 -22.0125

63.3156 -36.8387 -20.5701
61.3565 -39.7325 -19.1208
59.693 -42.0465 -21.5989
56.4906 -43.9122 -20.8832
54.7096 -46.7354 -22.6773
50.8945 -46.9084 -22.5838
48.529 -49.6944 -23.6392

45.0536 -49.0558 -25.1305
44.1714 -52.7122 -25.7282
41.9461 -52.9764 -22.6782
40.507 -50.7846 -19.9546
41.7717 -49.5071 -17.7887

44.4789 -47.9044 -19.8486
47.7588 -48.5732 -18.111
51.2158 -46.9888 -18.3591
54.7118 -48.3002 -17.7943
56.8159 -47.0611 -14.8663
58.8607 -44.8904 -17.1897
62.501 -44.6984 -18.1523
64.5187 -41.5973 -17.3496
67.5812 -40.9797 -19.4556
70.8727 -39.8248 -18.0162
72.9085 -38.3976 -20.858
76.6524 -38.9094 -20.86

78.6601 -36.0018 -22.1229
82.2434 -34.8008 -21.9289
83.4552 -33.6 -18.5595
82.9629 -29.9534 -17.7517

83.9708 -28.3021 -14.501
81.5408 -26.0953 -12.7288
81.8605 -22.3572 -12.3438
81.3874 -21.5981 -8.68741

79.787 -18.613 -6.98201

79.0398 -17.8066 -3.35052
76.2692 -15.5711 -1.99014
75.9613 -14.1394 1.49052
72.7299 -13.7592 3.35406
70.8107 -10.5442 2.80943
70.1821 -8.23392 5.71817

66.5212 -8.4673 4.86452
66.7134 -12.1501 5.76959
69.0764 -11.6187 8.71072
66.641 -9.31109 10.404
64.2909 -12.274 10.8321

66.8744 -14.3021 12.7077
68.0678 -16.811 10.1363

70.9692 -16.6987 7.69191
71.1928 -18.632 4.46209
74.4924 -18.8564 2.60674
74.3689 -20.2084 -0.915989
77.0051 -21.8185 -3.10455
76.2602 -22.3009 -6.78868
77.9146 -24.8333 -9.0744
76.9728 -23.9703 -12.6096

76.8319 -26.074 -15.7791
78.983 -29.086 -14.9587
79.1326 -32.7646 -15.8904
79.1823 -35.3939 -14.4361
76.7013 -34.969 -11.6093
78.9799 -36.1814 -8.83275
80.4901 -33.2651 -6.95417

81.6547 -32.597 -3.42888
80.6913 -29.3192 -1.89709
82.4833 -28.3771 1.2722
81.527 -25.4681 3.58807

83.9176 -23.9452 6.08335
83.4419 -21.1174 8.43676

86.5746 -19.6415 9.88464
88.4018 -22.6434 8.51192
86.1357 -25.0703 10.299

84.5483 -27.7973 8.23754
80.8032 -27.7499 8.65356
78.5517 -30.7628 8.62346

74.8077 -31.3661 8.86291
73.9791 -27.6832 8.27731
73.5986 -27.6404 4.48524

71.1233 -28.903 1.91678
71.7968 -29.5441 -1.74718
69.5313 -29.1805 -4.81296
70.3084 -30.2408 -8.34528
68.6397 -29.2082 -11.5595
67.6881 -31.6594 -14.2638
70.2106 -31.9591 -17.0349
70.1309 -29.0878 -19.5153
68.4246 -29.7616 -22.8192

71.0856 -28.0023 -24.8622
74.2275 -28.4785 -22.7503
73.3589 -31.699 -20.8907

75.0243 -30.2187 -17.8143

73.7573 -29.9596 -14.2591
73.6788 -27.0609 -11.8424
73.904 -27.4913 -8.08301
73.0435 -25.3094 -5.11132
74.317 -25.8323 -1.58168
72.6401 -23.8024 1.11001
74.1365 -23.4813 4.54123
71.6553 -22.2941 7.09214

72.602 -20.8341 10.4465
70.9804 -18.7543 13.1439
71.7331 -15.0616 13

73.7409 -15.337 16.1594
75.8746 -18.0937 14.7756
76.327 -16.2393 11.5051
77.5421 -13.1025 13.2648
79.9317 -15.2544 15.2727
82.1612 -15.9525 12.2772

83.9807 -13.8271 9.70529
84.8763 -16.1109 6.81997
82.5514 -18.2939 4.81372
83.6313 -20.3872 1.95584

82.7034 -23.2465 -0.25484
85.2461 -25.5917 -1.70017
84.2162 -27.6633 -4.6467
85.8159 -30.8658 -5.83361

84.9446 -32.2382 -9.24924
86.3941 -34.4348 -11.9755

86.6984 -31.3549 -14.1675
88.9084 -29.5256 -11.6861
92.4651 -30.6008 -11.0473

92.3671 -29.0519 -7.60776

89.4748 -27.8899 -5.5518
88.119 -24.4431 -6.21705
87.1366 -22.221 -3.3252
84.8544 -19.2144 -3.26474

84.9153 -17.086 -0.177671

83.5608 -14.0019 1.47924
84.2891 -12.1085 4.67105
81.4554 -10.8113 6.72005
82.7181 -7.23179 6.43497

84.0746 -6.33219 9.81922
87.0931 -4.09167 9.85703

End chain 4
