41.583 41.8827 9.49983
41.2083 39.409 6.69418
40.8064 35.8147 7.70578

40.3506 32.6945 5.66487
39.1981 29.8847 7.85385
39.2065 26.4356 6.42434
37.1924 23.3947 7.38798
38.8062 20.7197 9.5436
40.6511 17.6292 8.56297

38.8648 14.8239 6.74654
39.3849 11.1255 6.42839
37.733 9.88644 3.29709
37.5247 6.57817 1.45799
38.9817 6.04672 -1.91998
36.5081 6.68536 -4.70177
34.623 9.07073 -2.44516

34.4589 12.8356 -2.75665
35.1679 15.5153 -0.177888
34.3711 19.1707 -0.124917
36.4326 21.7071 1.77792
35.2047 25.1156 2.78831
36.9027 28.4465 3.20555
34.9205 31.0013 5.07079
36.2932 34.4418 4.56416

35.816 37.5478 6.63357
37.2044 41.0362 6.99432
36.7603 42.0741 3.37646
34.248 42.0773 0.549845
34.2145 38.5191 -0.740954

32.9737 39.4012 -4.22254
35.9204 41.7547 -4.71021
38.731 39.1934 -4.7067

39.543 36.0541 -6.66237
40.0145 32.9158 -4.59818
42.6881 30.3734 -5.49859
43.3308 26.9087 -4.13173
46.6973 25.2067 -3.70136
47.6584 21.6392 -2.88948
50.6966 20.6004 -0.946904
51.6155 16.9588 -0.720441

54.0323 15.0395 1.48782
57.0053 16.3137 -0.516827
55.7481 19.7396 0.473594
55.5842 20.5816 -3.18674

53.1341 23.3443 -4.0401
50.6597 23.1034 -6.88369
48.0822 25.5711 -8.12414

44.7822 23.764 -8.53605
42.5598 26.5916 -9.75082

40.6792 29.7572 -8.87222
37.2112 31.268 -9.05146
35.8195 34.7296 -9.40872
33.2754 35.0135 -6.70196

31.2634 37.69 -8.42055
30.5581 35.7307 -11.6122
31.4248 32.1746 -10.587

33.8197 31.8105 -13.504

36.6389 29.4193 -12.8535
40.076 28.565 -14.1702
41.6204 25.1967 -13.4466
45.027 23.6802 -13.7773
44.5878 21.0144 -16.4117

46.0684 18.4382 -14.102
43.1513 19.1519 -11.7275
40.3702 19.4371 -14.3136
38.9534 16.0042 -13.5362
39.7241 16.2343 -9.80561
38.4531 19.5404 -8.47497

35.3761 21.7256 -8.60483
35.3215 25.2137 -7.14546
32.1426 26.9693 -6.06623

31.1643 29.9198 -3.93422
28.2849 30.8887 -1.68392
28.0745 34.6649 -1.8206

25.6171 34.9271 1.04181
28.0075 33.0253 3.32676
31.114 34.6622 1.88188

32.5268 31.1688 1.62626

34.3642 29.3355 -1.13532
34.3081 25.5866 -1.57114
36.484 23.0593 -3.32887
35.2789 19.5592 -3.82635
37.4907 16.7269 -4.93643
36.1363 13.5953 -6.55879

37.3601 10.0705 -7.26942
39.7486 10.2861 -4.36286
42.9647 8.31734 -4.40151
45.9051 8.16349 -2.01428

47.5605 10.6169 -4.35753
44.9123 13.0766 -3.18909
46.0791 12.9385 0.409007

47.5612 16.3438 1.0408

47.0478 19.7147 2.63507

44.8037 22.0637 0.698877
44.9679 25.8108 1.03605
42.5485 28.4747 -0.00201917
44.0183 31.8251 -0.796193
43.093 35.4153 -1.71296
44.4886 37.0716 -4.76449
45.1975 40.7827 -4.60994
45.863 43.2795 -7.29187
48.3784 45.8603 -6.25702

46.8921 48.3055 -8.72878
49.6598 47.5959 -11.1646
49.0649 44.4334 -13.2635
50.6183 42.3934 -10.5247
48.8581 39.5383 -8.84867
49.8687 37.8159 -5.67497
48.3328 35.5505 -3.10224
48.1521 37.953 -0.142764
46.3589 35.8404 2.37068

46.3268 32.1258 2.92069
44.0604 29.8527 4.8964
45.2962 27.4815 7.6116
45.1431 24.5386 5.27958
43.0704 21.3805 5.51986
44.6312 17.955 5.7191
42.7874 15.3457 3.74278
43.7529 11.7416 4.19078
42.4174 9.19839 1.75785

42.4178 5.73219 3.23815
40.392 2.58259 3.64505
41.4666 2.44092 7.27964
38.9388 3.47853 9.88989
39.4946 6.35847 12.2481

40.5098 5.78897 15.8004
40.872 8.36218 18.5479
43.9926 8.74952 20.5551
44.6306 7.57199 24.0654
46.2269 10.2848 26.1527
48.6396 9.3546 28.899
50.4706 11.5505 31.2965
54.2034 12.0649 31.1114

55.4884 12.7576 34.5883
58.8371 12.1028 36.1335
59.1588 9.54581 38.8187
60.465 12.2322 41.0797
61.8472 15.7435 41.3462
64.0882 14.91 44.323
66.9967 17.3209 44.3897
65.5818 19.7543 41.9424
67.2383 20.784 38.7463
66.9002 24.1345 37.0958
63.9517 22.9686 35.046
61.1916 20.3865 35.2639
59.358 18.7769 32.3754
55.9981 17.0812 31.9483
53.8403 16.163 29.0044

51.1547 14.045 27.4283
51.5669 11.0423 25.1951
48.9997 10.9542 22.428
49.0159 7.40052 21.2405

47.542 5.17835 18.5785
45.4345 7.53266 16.4787
44.4995 7.68431 12.8072
44.4695 9.71581 10.7527
46.3534 12.8031 11.6234
46.2686 15.5104 12.6504
45.8371 16.0092 16.3703
46.0212 19.3662 18.1075
47.365 19.8129 21.5745
47.1381 22.8022 23.8777
48.0481 23.3017 27.5037
45.883 24.9341 30.141

43.3663 25.7149 27.436
45.9206 27.7903 25.5673
47.0467 29.6502 28.6571

50.4653 28.032 28.6157
52.3423 28.4173 25.3351
55.931 28.9714 26.4352
58.3397 26.0679 26.6288
55.8835 23.7605 24.9236

57.0979 21.38 22.2577
54.5941 19.2397 20.4142
56.475 16.6428 18.4103
55.5636 15.638 14.9493
53.6638 12.3831 14.7448
55.4972 9.19803 13.9234
53.8745 6.40798 12.0092
54.1195 3.22405 14.029
54.7898 -0.0866701 12.2975

51.1808 -0.45441 13.1108
49.0222 1.67128 10.9648
48.6019 4.12595 13.8076
50.1888 7.49288 14.7085
51.7276 8.54534 18.0191
52.8955 11.9074 19.3048

54.0346 13.5049 22.5475
53.6872 17.0829 23.7297
55.9104 18.3311 26.5046
56.4295 21.51 28.4499
59.3535 22.6431 30.5315
59.2019 25.1936 33.3334

61.7623 26.6854 35.6229
61.8524 24.7784 38.8738

60.9936 27.8408 40.9124
57.8715 28.4649 38.8133
56.667 24.8674 38.609
54.4844 25.0704 41.741
52.6638 28.0907 40.3535

50.2261 26.1783 38.1246
48.4692 22.9577 37.2524
49.2968 21.3897 33.9251
46.6154 19.9189 31.7507

46.918 19.025 28.0925
43.9591 19.494 25.7983
43.9322 17.0674 22.8981
41.6036 17.3283 19.923

41.2105 14.6873 17.2216
38.6017 15.929 14.7661

38.202 12.8707 12.6292
37.3962 10.7804 15.6765
35.5301 13.6529 17.3008

37.6327 12.9834 20.3732
38.4263 15.6876 22.8792
40.3079 14.8048 25.987
41.8003 16.7143 28.8593
44.5444 15.1131 30.8534
45.8715 16.6994 33.978
49.3987 15.6824 34.6871
49.658 15.2408 38.4386
52.5823 17.17 39.938
52.9126 14.7803 42.8727

54.1812 17.6192 45.0144
53.3351 16.0885 48.3979
54.7811 13.2493 50.4316
53.9106 11.4451 53.7659
55.918 9.81626 56.6118
58.8265 9.18565 54.3082
60.6919 5.96694 53.6273
64.2212 7.3537 52.7805

66.992 6.20404 55.0444
70.0217 8.22233 56.0687
73.1609 8.10494 54.0091
76.2583 6.71235 55.6511

78.2742 9.03734 57.8165
81.8293 7.96814 58.5963
83.25 7.95068 62.079
84.5254 5.61124 64.6833
82.1813 3.18867 66.3214
81.8201 2.41546 69.9727

End chain 1
29.0428 53.0389 13.3081
32.0048 53.5072 15.6038

35.292 52.9929 13.8645
38.1903 51.7228 15.9056
41.5939 52.501 14.5143
44.8884 51.0092 15.3688
47.2059 52.9804 13.1762

50.2387 50.8411 13.7356
49.5155 47.4447 12.2645
53.0256 46.173 12.8509
55.0937 46.9441 15.9072
58.6304 45.8475 16.5283
59.6758 45.3127 20.1383
62.6572 43.8822 21.9959
62.3399 41.2219 24.6304
62.1145 42.7558 28.0827
61.0086 46.0362 26.579

57.772 47.8296 27.4044
55.3654 47.7707 24.5252
52.3504 49.9461 23.9828
49.5656 49.2447 21.5238
47.1511 52.0585 20.8284
43.5586 52.1684 19.6572
41.3955 55.2308 19.0211
37.6447 55.4114 18.5639
35.8665 57.7827 16.2105

33.6118 58.756 19.1065
33.7908 58.4805 22.8934
33.3504 54.8689 24.0317
33.1688 55.6734 27.7401
35.7175 53.008 28.6401
33.6891 50.2185 27.1276
36.7447 48.7116 25.5204

38.1945 45.2149 25.5829
41.507 43.8693 24.3159
42.0481 40.4849 22.7137
45.1645 38.5401 21.8309
45.2236 36.2583 18.8458
48.1882 34.0356 18.3747

49.3961 32.6483 15.1339
47.3664 29.4726 15.6705
44.3364 31.6481 15.2731
43.3653 31.097 18.8812

41.8697 34.1644 20.5596
41.9353 35.0751 24.2307
40.517 38.0047 26.1641

43.2233 39.9223 27.9964
41.5091 43.0144 29.3551
37.9351 44.1628 29.8136
36.4124 47.5408 30.6347
39.6984 49.1014 29.5663
41.5705 48.309 32.8028
40.4739 44.9719 34.1843

42.676 41.9478 33.702
40.9851 38.7447 32.7313
41.7431 35.9982 35.1821

44.762 34.0038 34.151
46.3515 36.9166 32.3455
49.7494 37.8648 33.5412
50.1767 41.1146 35.4326

52.5405 42.3455 32.7612
49.4569 43.2439 30.7522
47.6875 46.4588 31.6454

45.0993 48.6558 29.9542
44.5923 52.3916 30.1201
42.7979 55.3257 28.5295
39.3956 56.9656 28.4128
37.2547 58.813 25.9388
38.521 58.0152 22.448
42.0284 56.7954 23.1918
43.0347 53.5127 24.7828

46.281 51.6079 25.1516
47.3546 48.089 26.0061
50.7474 47.952 27.6497
53.0524 45.0704 28.2663
55.4507 45.9451 31.029

58.1329 43.5342 29.9892
57.7379 41.643 26.7691
58.0782 37.8806 26.8038
58.4529 35.618 23.8166

55.0102 34.0608 24.4034
53.5934 37.5321 23.7557
54.0722 37.1403 20.0038

50.5788 37.6986 18.6434
48.189 40.2146 17.139
46.3082 42.4269 19.5522
42.8598 43.8059 18.85
40.7372 46.4023 20.618
36.9436 46.1295 20.6157
34.2943 48.6321 21.707
30.9714 47.6488 23.3124

29.6636 51.2042 23.7135
27.2981 50.9506 20.7787
26.0263 48.3764 18.3371
27.3985 47.1368 16.1387

30.3952 46.0989 18.1513
33.4996 47.0146 16.192
37.1422 45.9514 16.4077
40.399 47.6896 15.6067
42.5347 46.5599 12.6546
44.9417 44.8419 15.0137
48.611 45.202 15.8097
50.9633 42.3396 15.2075
54.2166 42.2931 17.0903
57.5625 41.5541 15.5046
59.8188 40.5226 18.3194
63.4512 41.3745 18.0453

65.9933 39.108 19.6071
69.6551 38.316 19.0982
70.8191 37.1331 15.7137

70.8235 33.3982 15.1845
71.9099 31.6423 12.0133
69.7521 29.0015 10.4831
70.5682 25.3203 10.3941
69.9801 24.2474 6.8588

68.7655 20.9577 5.39244

68.0232 19.7874 1.86397
65.557 17.0702 0.836882
65.3422 15.3404 -2.51383
62.0948 14.46 -4.18167
60.669 11.0604 -3.36816
60.2044 8.40934 -6.0189

56.5921 8.34845 -4.98678
56.262 11.9168 -6.208
58.5555 11.4827 -9.21245
56.4486 8.79034 -10.7777
53.668 11.3569 -11.1632

55.8668 13.5718 -13.2953
56.8202 16.3742 -10.9405

59.7904 16.7983 -8.62534
59.8708 19.0134 -5.56896
63.1475 19.739 -3.85404
62.959 21.4049 -0.505617
65.462 23.3157 1.52335
64.7572 24.1402 5.14587
66.1814 26.9978 7.19367
65.5225 26.2394 10.8248

65.2312 28.5523 13.8381
66.8795 31.7799 12.6955
66.537 35.5201 13.3268
66.1444 38.0184 11.7162
63.6762 36.9421 9.07023
65.6336 38.3193 6.11278
67.46 35.5219 4.34163

68.5429 34.7474 0.809667
67.8802 31.2846 -0.440728
69.6361 30.4389 -3.65285
69.0151 27.3261 -5.74922
71.7472 25.7929 -7.89151
71.3852 22.9284 -10.2957

74.6198 21.4488 -11.5811
75.9199 24.8462 -10.4926
73.4621 26.71 -12.6546

71.5098 29.1337 -10.6167
67.8048 28.9668 -10.8687
65.2849 31.7512 -10.9697

61.5002 31.7776 -10.9482
61.0729 28.1027 -10.1171
60.8085 28.2422 -6.34559

58.4394 29.4394 -3.63863
59.1979 30.2097 -0.0205469
57.0928 29.8926 3.11184
57.9051 31.2232 6.54585
56.4753 30.2505 9.8762
55.3525 32.7824 12.4157
57.8801 33.6344 15.0971
58.208 30.8615 17.6533
56.6843 31.5612 21.0349

59.652 30.2359 22.9722
62.7177 31.2027 20.8929
61.2256 34.0002 18.7438

62.9351 32.5245 15.6899

61.6039 31.8734 12.1986
61.8416 28.8098 9.99959
61.6063 28.9531 6.23528
61.1513 26.451 3.44091
62.1433 26.9368 -0.160996
60.6826 24.5056 -2.65357
62.0095 24.1629 -6.14795
59.5792 22.5578 -8.55003

60.8509 20.8511 -11.6963
59.3908 18.4759 -14.2206
60.5393 14.9027 -13.828

62.3741 15.129 -17.1119
64.2053 18.2242 -16.0076
65.0422 16.7157 -12.6452
66.5694 13.6445 -14.2492
68.5875 15.9074 -16.5023
70.9067 17.056 -13.7418

73.0597 15.5146 -11.004
73.4433 18.0052 -8.25588
70.9267 20.1121 -6.43585
72.1537 22.6752 -3.98729

70.6326 25.3144 -1.7365
72.8161 28.2294 -0.743872
71.8125 30.2782 2.24184
72.9988 33.7555 3.11184

72.0998 35.2545 6.46569
73.3655 37.8692 8.89794

74.1462 35.1005 11.3536
76.4206 33.2621 9.00498
79.8175 34.6036 8.02834

79.8325 33.0444 4.57115

77.0055 31.3313 2.83255
76.07 27.7961 3.77833
75.4134 25.2504 1.09174
73.6784 21.9266 1.32309

73.366 19.6568 -1.66244

72.9115 16.0971 -2.81708
73.8388 14.2752 -5.99457
70.9111 12.5079 -7.57722

71.4567 9.35492 -9.37071
72.7422 8.3847 -12.7279
75.4255 5.91282 -13.5407

End chain 2
34.9953 -20.6443 -32.0926
33.3555 -23.2473 -29.9453
33.9299 -22.5104 -26.319

32.7378 -23.9811 -23.0607
33.3197 -21.5482 -20.2566
32.8593 -22.9934 -16.7959
32.2145 -21.1644 -13.5574
35.0539 -20.4433 -11.142
36.3932 -22.4122 -8.26569

34.2073 -22.9246 -5.26083
34.6052 -23.6115 -1.53583
31.7818 -25.5661 -0.0855675
31.0606 -27.1076 3.28513
30.4127 -30.7363 3.70206
26.7487 -31.6092 3.41395
26.1895 -28.5867 1.19706

25.427 -28.5623 -2.51243
27.2298 -26.8276 -5.3676
26.0917 -25.8765 -8.84618
28.6183 -25.5938 -11.6658
27.8018 -23.871 -14.9277
29.0037 -24.4024 -18.4725
28.1898 -21.5384 -20.7515
28.5814 -22.5647 -24.3354

28.9951 -20.4065 -27.3923
29.9439 -20.6995 -31.0293
27.4793 -23.4423 -31.8986
23.8383 -24.4234 -31.585
23.4736 -25.5949 -28.0067

20.5137 -27.8634 -28.6838
22.4173 -29.727 -31.3937
24.994 -31.4305 -29.1681

24.9086 -33.6294 -26.0689
26.8466 -32.345 -23.0869
28.7707 -34.6612 -20.7843
30.4658 -34.0439 -17.473
33.6595 -35.6259 -16.1664
35.3121 -35.6964 -12.772
39.0559 -35.5 -12.2028
40.2848 -36.2749 -8.68998

43.6959 -35.8169 -7.10246
44.8762 -39.082 -8.65987
44.0896 -37.4064 -11.9644
41.803 -40.3031 -12.6917

38.9873 -39.5203 -15.083
35.4217 -40.5527 -14.4984
32.2941 -40.0483 -16.5754
29.5431 -38.4946 -14.4545
26.7145 -38.3418 -16.9781
25.2988 -36.443 -19.9281
22.239 -34.4975 -20.9843
20.4741 -33.9227 -24.2676
19.8462 -30.228 -24.325

16.9736 -30.4704 -26.7228
14.9531 -33.0246 -24.6818
16.4205 -32.5449 -21.24

16.9053 -36.3031 -21.1073

19.8714 -37.4627 -19.1003
22.0277 -40.5201 -18.4899
24.0693 -40.9176 -15.3492
26.8759 -43.1267 -14.2195
25.368 -45.2372 -11.4784

28.1067 -44.2077 -9.11344
26.9265 -40.5951 -9.55101
23.1599 -41.1863 -9.46093
22.8217 -39.9369 -5.90094
25.4677 -37.2197 -6.31671
24.8181 -35.2592 -9.48005

21.9891 -33.6346 -11.3377
22.3299 -32.2135 -14.8204
20.1226 -29.4759 -16.2105

20.1514 -27.0526 -19.0932
18.9086 -23.5508 -19.754
18.3243 -23.3512 -23.4841

17.7461 -19.616 -23.3898
21.2321 -18.9625 -22.0099
22.7667 -21.9445 -23.8454

24.2544 -23.1021 -20.5727

24.4397 -26.4951 -18.9105
24.6158 -27.0202 -15.1782
25.6356 -29.7887 -12.8172
24.7392 -29.6546 -9.2055
26.3049 -31.9566 -6.69512
24.67 -32.598 -3.34375

25.6491 -34.0516 0.0255086
29.2173 -33.0097 -0.584894
32.0649 -34.7964 1.12631
35.8225 -34.5383 0.747535

35.6309 -37.2798 -1.83855
33.8163 -34.725 -3.98899
36.78 -32.3896 -4.03596

37.9709 -32.5328 -7.61332

38.0652 -30.7634 -10.9367

34.89 -31.0404 -12.9706
34.8347 -30.7527 -16.7261
32.0032 -30.0295 -19.0687
32.3498 -31.4696 -22.5558
30.5512 -31.5064 -25.8837
29.8973 -34.6977 -27.7814
30.448 -34.6637 -31.4945
29.0559 -37.076 -33.9988
31.2995 -37.7662 -36.9177

28.3593 -38.8262 -39.0568
28.8538 -42.5348 -38.5853
27.9904 -43.6843 -35.0612
31.2592 -42.493 -33.642
31.0164 -40.3813 -30.5396
33.7851 -38.407 -28.9317
34.1768 -35.4461 -26.6179
35.3106 -32.9025 -29.182
35.524 -29.861 -26.9281

36.2372 -29.5802 -23.243
35.7286 -26.7927 -20.7669
38.5101 -25.329 -18.6474
37.4329 -27.2605 -15.5635
36.1896 -26.1197 -12.1783
37.9899 -26.9583 -8.97006
35.6456 -27.6546 -6.14627
37.0723 -28.0116 -2.70965
34.9495 -29.4491 0.0390671

36.1551 -28.4111 3.43721
35.0998 -27.0556 6.80489
38.0019 -24.618 6.74724
37.2538 -21.007 5.94024
38.671 -19.2133 2.94859

41.7687 -17.1371 3.40656
43.1546 -14.7608 0.77939
46.8171 -14.8096 -0.00981363
49.431 -12.2889 0.963359
51.5903 -11.3034 -1.96753
55.2046 -10.4121 -1.36956
57.7953 -9.34271 -3.84065
60.7173 -11.5265 -4.82392

63.5814 -9.2497 -5.71433
67.2791 -9.84504 -5.61069
69.4933 -8.20312 -3.044
71.3576 -6.65847 -5.89653
72.2538 -7.00412 -9.48878
74.8358 -9.75681 -9.52045

77.8614 -9.50734 -11.7864
76.128 -8.74103 -15.0914
74.6347 -12.0915 -15.7245

72.9076 -13.0976 -18.8634

69.6243 -13.1207 -16.9961
67.8124 -11.4797 -14.0786
64.9324 -12.9836 -12.1053
62.0349 -11.4554 -10.2093
58.8082 -12.8413 -8.77737

55.9071 -12.7672 -6.35553
55.3667 -15.0034 -3.35484
51.7372 -15.8969 -2.8765
51.5427 -17.0528 0.693533

49.0353 -18.7791 2.96342
45.8131 -18.9952 1.04025
43.009 -21.5318 1.08887
41.797 -23.1882 -0.895488
43.3357 -23.2946 -4.27386
43.489 -22.2626 -6.96796
45.2021 -18.932 -7.40773
45.8947 -17.4024 -10.7949
48.8733 -15.2371 -11.4682
49.6182 -13.0251 -14.4425
52.3536 -10.5294 -15.1333
51.8212 -7.04865 -16.522

48.1543 -7.86475 -16.9639
48.9872 -10.7405 -19.273
51.3969 -8.69635 -21.3401

54.3891 -10.6718 -20.1084
54.0812 -14.4147 -20.7418
57.5818 -15.4363 -21.746
59.9752 -16.7445 -19.1438
57.3464 -16.9568 -16.4497

57.1186 -19.9743 -14.2317
54.2613 -20.2156 -11.7875
54.9936 -23.0504 -9.3895
52.4615 -25.498 -8.21707
51.1328 -24.8281 -4.74654
52.554 -26.6791 -1.80281
50.4801 -27.579 1.20279
52.1021 -25.9894 4.22198
52.1728 -27.7172 7.61193

49.5609 -25.1663 8.34742
46.3799 -25.7168 6.55835
47.4588 -23.0891 4.03146
48.8125 -23.1916 0.476646
51.7241 -21.1755 -0.897205
53.1953 -20.6336 -4.36011

55.7226 -18.4588 -6.05371
55.6106 -17.0559 -9.57491
58.8388 -15.9895 -11.1521
59.957 -14.4457 -14.3965
63.3857 -14.2723 -15.9879
64.5365 -11.6843 -18.499

67.7432 -11.1426 -20.3587
69.8535 -8.59579 -18.5326

69.8822 -6.25056 -21.4982
66.077 -6.28662 -21.7401
65.4088 -6.00702 -17.9997
65.3211 -2.20312 -18.0893
62.6543 -2.28183 -20.7443

59.6299 -2.72987 -18.4977
58.1299 -2.65806 -15.0054
57.1498 -5.94799 -13.4291
53.8254 -6.41305 -11.6974

52.292 -9.6649 -10.6172
48.5135 -9.87313 -10.7947
47.1235 -12.3863 -8.3412
43.5097 -13.4712 -8.22524
41.9969 -15.691 -5.55005
38.3488 -16.1251 -6.4437

37.181 -17.9106 -3.35929
38.4733 -15.0493 -1.22331
37.4262 -12.4776 -3.77099

40.944 -11.2003 -3.44207
42.7582 -9.51243 -6.25007
46.1156 -7.94441 -5.69073
48.6719 -6.30216 -7.8879
52.1887 -6.18751 -6.66457
54.8824 -4.23961 -8.39537
58.2718 -5.67925 -7.7889
60.5905 -2.71288 -7.54876
63.6298 -3.09564 -9.79254
65.8367 -0.875328 -7.60432

67.7551 0.336286 -10.6108
69.2112 3.50733 -9.18997
71.8723 4.1553 -6.61174
72.7001 7.2362 -4.50847
76.0728 7.73487 -2.87699
79.2714 6.56146 -4.47051
79.1992 2.84645 -5.31735
81.4593 1.87288 -2.40848
82.4843 3.09314 0.999794
84.677 6.13511 1.34139
86.1713 8.1592 4.10717
84.189 11.1415 5.34746
87.0618 13.5561 4.63842
87.1532 15.1778 1.21614
90.4054 15.6216 -0.655567
93.3021 13.4564 0.247386
93.3945 11.1931 3.26371
95.646 11.6059 6.25802

End chain 3
39.5935 -56.6561 -20.6865
42.2168 -55.5385 -23.1434

45.4458 -54.5551 -21.4626
47.5894 -51.8273 -22.961
51.2013 -52.0588 -21.9212
53.7496 -49.3275 -22.215
56.8027 -51.1168 -20.9654

59.0415 -48.1146 -20.818
57.5913 -45.6348 -18.3606
60.4952 -43.23 -18.5709
62.3919 -42.3838 -21.7172
65.3306 -40.0849 -21.9947
65.8547 -38.2715 -25.2754
68.0291 -35.4704 -26.5918
66.6811 -32.339 -28.2755
66.7347 -32.8871 -32.0647
66.6615 -36.6905 -31.7443

63.8525 -38.909 -32.9632
61.9405 -40.5938 -30.1806
59.637 -43.5575 -30.2491
57.163 -44.5584 -27.615
55.6218 -47.9481 -27.9125
52.4496 -49.5999 -26.6814
51.2808 -53.1689 -27.1259
47.8177 -54.6233 -26.6374
47.0027 -57.997 -25.1383

44.9398 -58.736 -28.243
44.4466 -57.3007 -31.7305
43.1812 -53.7146 -31.638
42.4788 -53.4616 -35.3477
44.1716 -50.0492 -35.3822
41.6294 -48.5138 -33.0736
44.2924 -46.7604 -31.085

44.7149 -43.1238 -30.0768
47.6291 -41.2599 -28.5076
47.3276 -38.5186 -25.9217
49.8407 -36.0952 -24.4825
49.5918 -34.814 -20.972
51.6856 -31.8673 -19.8587

52.9658 -31.5314 -16.3858
50.1661 -29.0585 -15.6823
47.794 -31.9579 -16.1323
46.2816 -30.7574 -19.3671

45.5811 -33.5081 -21.865
45.506 -33.2418 -25.644
44.7921 -35.7144 -28.4114

47.7322 -36.0888 -30.7631
46.8304 -38.999 -33.0146
43.6993 -40.9857 -33.7308
43.0835 -44.244 -35.5635
46.7543 -45.1062 -35.2078
48.1025 -42.5913 -37.6544
45.8805 -39.6239 -38.2455

47.1781 -36.3743 -36.8417
44.7539 -34.2922 -34.8848
44.4509 -30.8217 -36.3163

46.831 -28.3664 -34.7481
49.3108 -31.1211 -34.0093
52.7307 -30.6154 -35.4462
53.879 -32.8256 -38.2976

56.7332 -33.9576 -36.0611
54.2903 -36.3955 -34.5375
53.4375 -39.5777 -36.3714

51.7815 -42.8483 -35.4121
52.2862 -46.3365 -36.77
51.6161 -50.0127 -36.1542
48.8349 -52.5477 -36.5025

47.5502 -55.5855 -34.6957
49.0326 -55.5864 -31.1997
51.8903 -53.144 -31.5508

51.7059 -49.3923 -31.9821

54.2408 -46.5839 -31.7783
54.1825 -42.8178 -31.5494
57.2025 -41.2078 -33.1026
58.5322 -37.7114 -32.7463
60.6882 -36.9143 -35.7422

62.7079 -34.2802 -33.9596
62.1487 -33.4642 -30.2945
61.3629 -29.9286 -29.3055
61.3844 -28.7841 -25.729

57.6071 -28.247 -25.7893
57.362 -32.0135 -26.171
58.1063 -32.6166 -22.487

55.1031 -34.5992 -21.3265
53.7129 -38.0485 -20.6321
52.2965 -39.9183 -23.5919
49.476 -42.4127 -23.3254
48.0636 -44.9582 -25.7518
44.3356 -45.7857 -25.6462
42.3837 -48.5773 -27.3398

38.7711 -48.1795 -28.5649
38.4453 -51.6668 -30.0608
36.4689 -53.0502 -27.1446
34.8604 -51.8778 -23.9304
36.0297 -50.9859 -21.5303

38.3263 -48.491 -23.1558
41.7652 -49.0117 -21.6971
44.908 -46.8593 -21.587
48.594 -47.665 -21.4294
50.6406 -46.8587 -18.3154
52.1794 -43.8674 -20.0405
55.6821 -42.8349 -20.9788
57.2267 -39.7381 -19.4439
60.0268 -38.1121 -21.3703
63.1716 -36.8168 -19.7355
64.7892 -34.4074 -22.1511
68.5605 -34.2679 -22.3416

70.0071 -30.8436 -22.8531
73.3606 -29.1457 -22.4152
74.5591 -28.6352 -18.8703
73.5436 -25.4398 -17.1524

74.4629 -24.5042 -13.6043
71.8206 -23.2468 -11.2908
71.5667 -19.7229 -9.971
71.1906 -19.9874 -6.23499

69.2391 -17.832 -3.80063

68.5839 -18.0911 -0.0723653
65.5776 -16.761 1.8556
65.2478 -16.3125 5.59052
62.1096 -16.9547 7.53942
59.678 -14.0737 7.86186
58.8604 -12.6986 11.2726

55.2395 -13.3223 10.4447
56.0634 -17.0285 10.3784
58.4778 -16.8571 13.3208
55.8096 -15.4849 15.5838
53.9862 -18.8116 15.2793

56.9615 -20.7801 16.5358
58.3866 -22.334 13.3918

61.0883 -21.1328 11.0119
61.4287 -22.1363 7.39303
64.61 -21.3361 5.4907
64.4995 -21.7705 1.7421
67.2268 -22.3204 -0.825161
66.3569 -21.9891 -4.49856
68.2566 -23.5594 -7.37953
66.9885 -22.0146 -10.5631

67 -23.2568 -14.1614
69.6439 -25.9738 -14.169
70.3195 -29.2263 -16.0096
70.8679 -32.088 -15.2742
68.5177 -32.8014 -12.3942
71.1152 -34.2668 -10.054
72.2508 -31.6988 -7.51801

73.4958 -31.7431 -3.95737
72.116 -29.1586 -1.62618
73.9157 -28.7479 1.6503
72.6462 -26.7089 4.64553

74.9054 -25.4762 7.40902
74.1248 -23.4436 10.4124

77.0627 -21.8709 12.1396
79.2596 -24.087 10.0191
77.5124 -27.2264 11.1638

76.2602 -29.5811 8.50051
72.5849 -30.2668 8.97304
70.8403 -33.5109 8.21122

67.2589 -34.7732 8.34719
65.826 -31.2531 8.73228
65.226 -30.3328 5.08267

62.8379 -31.3133 2.31605
63.3925 -30.9007 -1.40032
60.9254 -30.1709 -4.23667
61.656 -30.1737 -7.9342
59.6629 -28.6688 -10.7529
58.9569 -30.4941 -13.9773
61.3315 -29.6681 -16.7722
60.6562 -26.3254 -18.4376
58.8908 -26.4323 -21.7772

61.1182 -23.8001 -23.3456
64.412 -24.2532 -21.4738
64.172 -27.9335 -20.483

65.7565 -27.0075 -17.1572

64.6711 -27.8568 -13.634
64.2743 -25.7057 -10.5576
64.7806 -27.0136 -7.03593
63.7583 -25.8153 -3.59338
65.2993 -26.9787 -0.333706
63.4801 -25.9926 2.81209
65.1018 -26.2889 6.1882
62.615 -26.2066 8.99563

63.5102 -25.4894 12.5961
61.738 -24.4478 15.7593
61.8877 -20.7632 16.5494

64.0922 -21.4753 19.5028
66.5518 -23.4035 17.4292
66.5164 -20.7453 14.7326
67.3194 -17.9868 17.2144
70.1306 -20.1387 18.5703
72.2665 -19.6861 15.4615

73.576 -16.714 13.4881
74.6541 -18.0251 10.1025
72.5921 -19.9982 7.64263
73.8232 -21.1034 4.32929

73.2336 -23.4368 1.47771
76.0277 -24.8885 -0.556794
75.1706 -26.3045 -3.91756
77.1857 -28.7963 -5.90599

76.3474 -29.4021 -9.54462
77.9668 -30.5767 -12.7628

77.6535 -27.0424 -14.1021
79.6855 -25.5442 -11.2712
83.3983 -26.1328 -10.9827

83.2546 -25.5271 -7.26099

80.338 -25.4145 -4.93213
78.4182 -22.188 -4.67602
77.2648 -20.952 -1.29851
74.5432 -18.4812 -0.438498

74.4442 -17.2084 3.08765

72.7166 -14.9052 5.49656
73.3187 -13.7708 9.05374
70.4381 -13.5177 11.4094
71.1003 -9.82046 12.0262

72.49 -9.57666 15.5065
75.1132 -6.94293 16.067

End chain 4
