40.972 18.575 30.58
39.065 20.592 28.045
39.495 19.566 24.458

38.012 20.93 21.288
38.531 18.508 18.481
37.8 19.67 15.009
36.9 17.7 11.92
39.59 16.983 9.34
40.576 18.901 6.296

38.161 19.277 3.4
38.52 19.868 -0.284
35.355 21.361 -1.634
34.198 22.716 -4.98
33.325 26.288 -5.523
29.649 26.993 -5.018
29.432 24.041 -2.657

28.971 24.166 1.094
30.998 22.531 3.842
30.26 21.983 7.469
32.956 21.707 10.107
32.466 20.138 13.49
33.942 20.817 16.883
33.404 18.116 19.403
34.057 19.331 22.878

34.817 17.378 26.003
36.007 17.913 29.542
33.42 20.512 30.499
29.71 21.233 30.367
29.034 22.26 26.787

25.903 24.268 27.564
27.858 26.43 30.006
30.188 28.149 27.541

29.764 30.215 24.396
31.509 28.88 21.313
33.181 31.234 18.846
34.651 30.559 15.43
37.649 32.271 13.85
39.039 32.231 10.332
42.669 32.538 9.431
43.673 32.938 5.827

47.004 32.662 4.03
48.1 36.052 5.367
47.574 34.481 8.766
45.191 37.285 9.536

42.624 36.459 12.199
38.943 37.218 11.824
36.051 36.624 14.181

33.249 34.959 12.257
30.641 34.558 14.986

29.562 32.699 18.102
26.643 30.727 19.492
25.191 30.145 22.898
24.803 26.448 23.145

22.062 26.576 25.721
19.639 28.696 23.682
21.083 28.429 20.176

21.228 32.203 19.84

23.951 33.412 17.557
25.913 36.55 16.795
27.705 36.933 13.494
30.266 39.273 12.087
28.419 41.116 9.361

31.093 40.195 6.878
30.191 36.533 7.536
26.403 36.898 7.681
25.879 35.441 4.217
28.746 32.943 4.54
28.42 31.094 7.825

25.816 29.316 9.903
26.527 28.102 13.413
24.592 25.304 15.08

24.998 22.998 18.034
24.041 19.456 18.946
23.649 19.414 22.71

23.425 15.646 22.941
26.781 15.293 21.162
28.309 18.317 22.876

29.407 19.399 19.428

29.259 22.72 17.608
29.091 23.055 13.852
29.847 25.788 11.368
28.72 25.473 7.821
29.909 27.715 5.045
27.967 28.201 1.841

28.64 29.53 -1.653
32.292 28.669 -1.305
34.896 30.664 -3.165
38.685 30.553 -3.177

38.485 33.405 -0.712
36.999 30.854 1.678
40.114 28.704 1.644

41.546 29.081 5.108

41.979 27.482 8.488

38.934 27.644 10.725
39.128 27.453 14.481
36.477 26.793 17.043
37.036 28.296 20.426
35.61 28.441 23.966
34.804 31.703 25.613
35.321 31.988 29.348
34.128 34.508 31.817
36.656 35.197 34.499

33.884 36.244 36.848
34.63 39.864 36.188
33.003 41.19 32.97
35.975 39.969 31.033
35.702 37.586 28.151
38.495 35.688 26.521
38.922 32.725 24.252
40.484 30.249 26.7
40.665 27.176 24.574

41.113 26.742 20.871
40.598 23.81 18.559
43.316 22.417 16.28
41.89 24.195 13.292
40.509 22.765 10.071
41.998 23.575 6.704
39.433 24.042 3.999
40.607 24.294 0.438
38.166 25.432 -2.192

39.195 24.277 -5.629
37.952 22.743 -8.837
41.016 20.508 -8.877
40.554 16.893 -7.878
42.318 15.339 -4.939

45.301 13.136 -5.41
47.159 11.157 -2.777
50.84 11.454 -2.249
53.521 9.059 -3.341
55.953 8.353 -0.539
59.57 7.641 -1.338
62.396 6.834 0.961
65.228 9.244 1.597

68.332 7.257 2.395
71.953 8.066 1.881
73.934 6.143 -0.615
76.242 5.123 2.154
77.369 5.729 5.714
80.986 4.729 5.01
83.245 6.427 7.518
80.545 7.498 9.858
79.882 11.037 10.885
78.486 12.123 14.192
74.945 11.969 12.891
72.983 10.136 10.222
69.835 11.328 8.5
66.972 9.638 6.685
63.507 10.673 5.642

60.498 10.308 3.407
59.583 12.351 0.38
55.869 12.992 0.156
55.295 13.967 -3.416

52.593 15.201 -5.734
49.557 15.576 -3.49
46.581 17.925 -3.436
45.234 19.527 -1.444
47.142 19.96 1.72
47.596 19.076 4.441
49.492 15.855 4.992
50.566 14.566 8.384
53.72 12.624 8.938
54.825 10.638 11.959
57.729 8.306 12.554
57.549 4.886 14.16

53.88 5.503 14.807
54.696 8.526 16.933
57.395 6.743 18.885

60.145 8.861 17.382
59.63 12.605 17.771
63.126 13.906 18.465
65.265 15.232 15.648
62.367 15.11 13.229

61.803 17.98 10.843
58.777 17.938 8.587
59.152 20.688 6.019
56.366 22.891 4.922
54.856 21.92 1.602
55.933 23.705 -1.534
53.588 24.258 -4.411
55.128 22.821 -7.548
54.734 24.624 -10.865

52.376 21.789 -11.339
49.28 22.171 -9.326
50.579 19.642 -6.836
52.259 19.869 -3.402
55.45 18.166 -2.239
57.031 17.833 1.183

59.843 15.938 2.876
60.15 14.766 6.461
63.552 13.903 7.833
65.025 12.653 11.062
68.567 12.767 12.33
70.051 10.433 14.924

73.417 10.159 16.542
75.533 7.642 14.698

75.973 5.482 17.766
72.197 5.251 18.247
71.252 4.704 14.608
71.412 0.889 14.794
69.011 0.868 17.726

65.795 1.171 15.693
63.992 0.817 12.4
62.689 3.973 10.801
59.296 4.082 9.202

57.35 7.178 8.253
53.591 7.202 8.581
51.901 9.505 6.103
48.237 10.454 6.232

46.385 12.378 3.531
42.777 12.738 4.64

41.278 14.212 1.532
42.566 11.314 -0.529
41.962 8.873 2.308

45.521 7.712 1.765
47.57 6.186 4.539
50.983 4.864 3.776
53.839 3.476 5.786
57.288 3.567 4.314
60.178 1.88 6
63.447 3.464 5.115
65.946 0.643 4.75
69.105 1.215 6.803
71.238 -0.902 4.479

73.438 -1.851 7.397
74.877 -5.044 5.9
77.366 -5.765 3.148
78.766 -8.932 1.376
82.148 -9.965 -0.133
83.083 -6.365 -0.707
84.272 -4.672 -3.873
86.508 -1.865 -2.384

90.125 -1.975 -3.399
93.076 -0.962 -1.262
94.323 2.581 -1.311
97.831 3.165 -2.569

100.658 2.654 -0.139
103.994 4.199 -1.074
107.236 2.294 -0.981
109.917 1.013 -3.229
109.141 -1.697 -5.699
111.099 -4.813 -6.418

End chain 1
33.5154 50.312 12.2737
36.531 50.6663 14.5195

39.7711 50.1057 12.7076
42.6759 48.7286 14.6685
46.0703 49.4507 13.2258
49.3432 47.8646 13.9888
51.6659 49.8203 11.7879

54.6558 47.5987 12.2492
53.8224 44.2486 10.7309
57.3109 42.8824 11.2257
59.4549 43.5466 14.2548
62.975 42.354 14.787
64.0753 41.727 18.3657
67.0558 40.1909 20.1387
66.7239 37.4903 22.7299
66.6015 38.9645 26.2133
65.5475 42.298 24.7913

62.3718 44.1528 25.7119
59.9102 44.2054 22.8795
56.9393 46.4623 22.4355
54.0921 45.8738 20.0186
51.734 48.7573 19.4216
48.1237 48.9752 18.3227
46.0241 52.0999 17.7846
42.2708 52.379 17.4036
40.5065 54.8357 15.1288

38.3316 55.8086 18.0853
38.5757 55.4584 21.8624
38.0692 51.8377 22.9431
37.9776 52.577 26.6684
40.4773 49.8349 27.47
38.3532 47.1236 25.9467
41.3402 45.574 24.2533

42.7053 42.043 24.2239
45.9594 40.6422 22.8686
46.3874 37.2763 21.1948
49.4382 35.2741 20.2164
49.385 33.0476 17.1897
52.2852 30.7636 16.6207

53.3973 29.4085 13.3324
51.3014 26.2729 13.8504
48.3182 28.5275 13.5516
47.4027 27.9326 17.1672

46.0143 31.0032 18.9299
46.1718 31.8434 22.615
44.8622 34.7696 24.6286

47.6486 36.5872 26.4426
46.0364 39.6936 27.8904
42.5008 40.9186 28.4391
41.0766 44.3164 29.3509
44.3788 45.8173 28.2475
46.2921 44.9199 31.432
45.141 41.585 32.7736

47.2593 38.5184 32.1936
45.4727 35.3755 31.1979
46.2101 32.5663 33.5831

49.1594 30.5196 32.4574
50.7848 33.4267 30.6746
54.2268 34.2706 31.8211
54.769 37.4733 33.7627

57.1109 38.6968 31.0687
54.0125 39.7062 29.1367
52.3391 42.9454 30.1224

49.7736 45.2351 28.5221
49.3609 48.9782 28.7658
47.6087 51.9838 27.264
44.2457 53.7067 27.2434
42.1038 55.6507 24.8454
43.2838 54.888 21.3168
46.774 53.5708 21.9699
47.73 50.2358 23.4811

50.9354 48.2471 23.752
51.939 44.6881 24.5213
55.3581 44.4391 26.0959
57.6035 41.492 26.6151
60.0745 42.2573 29.3461

62.6769 39.8025 28.2106
62.1749 37.9817 24.965
62.4242 34.2123 24.9246
62.6869 31.9975 21.89

59.2191 30.5126 22.5151
57.8751 34.0284 21.9583
58.2729 33.6953 18.1914

54.769 34.3626 16.9095
52.413 36.9628 15.4979
50.6328 39.1742 17.987
47.2063 40.6484 17.3772
45.1815 43.2615 19.233
41.3829 43.0799 19.2995
38.8166 45.6245 20.4874
35.5018 44.6915 22.1389

34.2888 48.2691 22.63
31.8625 48.1272 19.7376
30.4823 45.6302 17.2747
31.7819 44.3993 15.0278

34.7901 43.2524 16.9626
37.8781 44.1298 14.9603
41.4972 42.9756 15.0859
44.7796 44.6499 14.2535
46.8307 43.5245 11.2404
49.2396 41.7056 13.5207
52.931 41.9626 14.2516
55.201 39.0563 13.5518
58.4874 38.8966 15.3699
61.7836 38.1073 13.7063
64.0672 36.9696 16.4575
67.7134 37.7391 16.1283

70.2287 35.3835 17.599
73.8599 34.5134 17.0047
74.9302 33.3664 13.5772

74.8336 29.643 12.9802
75.8165 27.9209 9.75704
73.5664 25.3617 8.22124
74.2908 21.6643 8.04942
73.6098 20.6719 4.50733

72.2878 17.4403 3.00523

71.4504 16.3542 -0.528861
68.8997 13.7166 -1.5571
68.5793 12.0553 -4.93392
65.2803 11.2843 -6.5541
63.7878 7.90532 -5.77502
63.2086 5.31607 -8.46403

59.6161 5.32262 -7.3632
59.3499 8.92004 -8.51264
61.5747 8.48721 -11.5685
59.3735 5.87581 -13.1412
56.6494 8.51513 -13.4259

58.8606 10.716 -15.5596
59.9265 13.4502 -13.1732

62.9496 13.7597 -10.9089
63.1419 15.9148 -7.81482
66.4673 16.5295 -6.15098
66.383 18.1366 -2.76977
68.9698 19.9487 -0.755393
68.3542 20.7221 2.89455
69.8862 23.5059 4.96594
69.2781 22.696 8.59475

69.1004 24.9586 11.6547
70.8049 28.1665 10.5393
70.5656 31.9014 11.2451
70.2034 34.438 9.68808
67.6599 33.4707 7.07146
69.5938 34.8555 4.10208
71.3176 32.0487 2.24517

72.314 31.3145 -1.32068
71.5436 27.8925 -2.62076
73.2171 27.065 -5.88126
72.4808 24.0077 -8.02146
75.1336 22.4496 -10.244
74.6564 19.6399 -12.6923

77.829 18.1074 -14.0671
79.2319 21.4518 -12.9424
76.7796 23.414 -15.022

74.9259 25.8454 -12.9028
71.2138 25.7722 -13.0857
68.761 28.6176 -13.0871

64.9791 28.7345 -12.9916
64.4783 25.056 -12.2193
64.2891 25.1313 -8.44148

62.0017 26.3343 -5.66766
62.8473 27.0185 -2.05158
60.7949 26.6937 1.11484
61.7044 27.9401 4.55605
60.3148 26.94 7.89531
59.3024 29.4503 10.5018
61.9005 30.1912 13.1486
62.2093 27.364 15.6471
60.7675 28.0369 19.0699

63.7383 26.6048 20.9247
66.7866 27.5365 18.8042
65.3226 30.4085 16.7357

66.9373 28.9494 13.6228

65.5246 28.3958 10.1467
65.6458 25.3689 7.88816
65.3427 25.5881 4.13237
64.7739 23.1501 1.3023
65.7089 23.6791 -2.30876
64.1423 21.3306 -4.81631
65.3939 21.0214 -8.34147
62.8801 19.5202 -10.7247

64.05 17.8425 -13.9256
62.4847 15.5506 -16.4639
63.5532 11.9441 -16.1588

65.3303 12.1876 -19.473
67.2569 15.2168 -18.3484
68.1205 13.6262 -15.0309
69.5418 10.5497 -16.7199
71.5713 12.8051 -18.9702
73.9697 13.8461 -16.2348

76.1361 12.2026 -13.5679
76.6324 14.6316 -10.7829
74.2028 16.764 -8.87625
75.5381 19.2508 -6.40576

74.1248 21.8832 -4.07819
76.3971 24.7259 -3.07531
75.5005 26.7422 -0.0338643
76.7874 30.1732 0.876044

75.989 31.6304 4.27345
77.3639 34.1682 6.72782

78.1234 31.3362 9.11706
80.3074 29.4879 6.69163
83.7168 30.7655 5.67374

83.6282 29.2712 2.1891

80.7278 27.6591 0.47489
79.7246 24.1304 1.37418
78.9554 21.6517 -1.34502
77.1447 18.3668 -1.14052

76.7204 16.1613 -4.16022

76.1576 12.6356 -5.37039
76.9797 10.8516 -8.59792
73.9804 9.18497 -10.1553

74.4149 6.05378 -12.0161
75.6124 5.11581 -15.4147
78.2189 2.59585 -16.3243

End chain 2
41.105 -18.209 -30.143
39.151 -20.598 -28.01
39.504 -19.715 -24.388

37.986 -20.946 -21.166
38.514 -18.414 -18.44
37.711 -19.653 -14.962
36.948 -17.628 -11.869
39.643 -16.957 -9.28
40.641 -18.855 -6.223

38.213 -19.084 -3.373
38.293 -19.605 0.399
35.253 -21.312 1.718
34.191 -22.636 5.091
33.286 -26.194 5.623
29.605 -26.86 5.097
29.402 -23.925 2.708

28.916 -24.042 -1.046
31.029 -22.564 -3.832
30.211 -21.723 -7.427
32.95 -21.734 -10.056
32.485 -20.132 -13.446
33.907 -20.912 -16.861
33.445 -18.123 -19.324
34.032 -19.35 -22.817

34.804 -17.377 -25.929
35.996 -17.909 -29.466
33.433 -20.54 -30.394
29.724 -21.285 -30.314
29.025 -22.251 -26.724

25.985 -24.37 -27.52
27.96 -26.478 -29.989
30.254 -28.218 -27.498

29.803 -30.249 -24.317
31.595 -28.934 -21.258
33.195 -31.242 -18.712
34.679 -30.561 -15.313
37.662 -32.263 -13.696
39.054 -32.261 -10.186
42.751 -32.26 -9.343
43.668 -32.929 -5.715

46.976 -32.596 -3.895
48.058 -36 -5.207
47.623 -34.449 -8.635
45.217 -37.237 -9.401

42.639 -36.409 -12.033
38.982 -37.196 -11.675
36.053 -36.611 -14.005
33.258 -34.791 -12.173
30.637 -34.597 -14.909
29.564 -32.768 -18.042
26.719 -30.699 -19.416
25.239 -30.186 -22.847
24.852 -26.468 -23.121

22.153 -26.659 -25.717
19.831 -28.982 -23.721
21.07 -28.418 -20.203

21.305 -32.187 -19.862

24.037 -33.419 -17.584
25.945 -36.565 -16.672
27.722 -36.925 -13.37
30.293 -39.238 -11.93
28.458 -41.114 -9.218

31.076 -40.132 -6.701
30.162 -36.482 -7.392
26.369 -36.842 -7.562
25.851 -35.397 -4.099
28.687 -32.867 -4.436
28.396 -31.033 -7.726

25.819 -29.338 -9.866
26.503 -28.117 -13.374
24.581 -25.326 -15.052

24.974 -23.057 -18.032
24.007 -19.525 -18.945
23.711 -19.479 -22.714

23.365 -15.716 -22.835
26.775 -15.203 -21.225
28.248 -18.36 -22.8

29.416 -19.438 -19.374

29.264 -22.748 -17.549
29.133 -23.094 -13.794
29.8 -25.796 -11.238
28.652 -25.427 -7.715
29.881 -27.689 -4.99
27.968 -28.062 -1.747

28.604 -29.4 1.75
32.266 -28.605 1.366
34.862 -30.47 3.369
38.646 -30.456 3.266

38.471 -33.308 0.801
36.984 -30.761 -1.596
40.085 -28.612 -1.524

41.523 -29.006 -4.99

41.972 -27.415 -8.374

38.943 -27.604 -10.629
39.181 -27.503 -14.387
36.58 -26.731 -16.969
37.089 -28.363 -20.35
35.54 -28.46 -23.8
34.826 -31.698 -25.594
35.648 -31.884 -29.252
34.293 -34.332 -31.742
36.696 -35.301 -34.447

33.859 -36.29 -36.753
34.082 -39.993 -36.076
32.892 -40.91 -32.579
36.117 -39.846 -30.971
35.782 -37.57 -27.996
38.545 -35.686 -26.274
38.953 -32.641 -24.075
40.43 -30.302 -26.659
40.67 -27.169 -24.537

41.128 -26.746 -20.825
40.617 -23.812 -18.525
43.323 -22.412 -16.269
41.903 -24.118 -13.191
40.49 -22.736 -9.966
41.994 -23.518 -6.595
39.41 -23.93 -3.929
40.556 -24.198 -0.381
38.151 -25.366 2.261

39.168 -24.232 5.69
37.957 -22.648 8.902
41.004 -20.394 8.954
40.547 -16.79 7.928
42.29 -15.237 4.974

45.471 -13.329 5.571
47.193 -11.175 2.951
50.893 -11.482 2.446
53.583 -9.076 3.499
56.009 -8.37 0.699
59.619 -7.667 1.529
62.446 -6.88 -0.784
65.288 -9.281 -1.441

68.348 -7.227 -2.214
71.983 -8.036 -1.802
74.103 -6.402 0.848
76.265 -5.117 -1.922
77.398 -5.696 -5.416
79.796 -8.596 -5.125

82.989 -8.642 -7.163
81.554 -7.941 -10.622
79.902 -11.224 -11.213

78.349 -12.282 -14.425

74.943 -12.015 -12.814
73.03 -10.124 -10.121
69.924 -11.352 -8.306
66.998 -9.56 -6.708
63.594 -10.677 -5.464

60.534 -10.308 -3.276
59.635 -12.354 -0.226
55.931 -13.004 0.015
55.403 -13.965 3.609

52.632 -15.422 5.758
49.552 -15.542 3.607
46.597 -17.901 3.558
45.431 -19.58 1.565
47.203 -19.948 -1.678
47.618 -19.064 -4.397
49.566 -15.868 -4.857
50.6 -14.555 -8.248
53.751 -12.608 -8.791
54.85 -10.597 -11.798
57.781 -8.307 -12.392
57.573 -4.875 -13.975

53.904 -5.492 -14.657
54.72 -8.525 -16.762
57.399 -6.735 -18.731

60.162 -8.821 -17.186
59.665 -12.566 -17.669
63.158 -13.844 -18.356
65.267 -15.16 -15.522
62.44 -15.079 -13.029

61.86 -17.962 -10.699
58.822 -17.909 -8.471
59.196 -20.658 -5.897
56.435 -22.888 -4.81
54.901 -21.966 -1.485
55.983 -23.748 1.64
53.642 -24.37 4.517
55.136 -22.73 7.575
54.849 -24.286 11.036

52.357 -21.55 11.453
49.287 -21.999 9.454
50.712 -19.571 6.899
52.313 -19.933 3.466
55.439 -18.166 2.227
57.191 -17.888 -1.135

59.968 -15.956 -2.729
60.203 -14.728 -6.309
63.599 -13.937 -7.683
65.047 -12.628 -10.9
68.587 -12.74 -12.232
70.08 -10.355 -14.764

73.442 -10.1 -16.397
75.57 -7.595 -14.534

75.964 -5.408 -17.593
72.192 -5.229 -18.122
71.271 -4.722 -14.46
71.431 -0.929 -14.73
68.966 -0.982 -17.574

65.763 -1.135 -15.546
64.019 -0.798 -12.185
62.72 -3.94 -10.539
59.255 -4.118 -9.046

57.444 -7.214 -7.938
53.683 -7.205 -8.393
51.961 -9.504 -5.94
48.287 -10.364 -6.05
46.445 -12.352 -3.399
42.852 -12.612 -4.547

41.351 -14.167 -1.482
42.662 -11.284 0.613
41.969 -8.786 -2.122

45.527 -7.706 -1.585
47.645 -6.273 -4.321
51.045 -4.882 -3.58
53.854 -3.508 -5.649
57.272 -3.542 -4.168
60.203 -1.848 -5.776
63.441 -3.455 -4.848
65.919 -0.624 -4.568
69.084 -1.3 -6.554
71.261 0.892 -4.308

73.467 1.834 -7.212
75.013 4.98 -5.831
77.514 5.597 -3.09
78.379 8.725 -1.073
81.648 9.103 0.786
84.874 7.662 -0.504
84.629 3.92 -1.183
86.604 2.961 1.931
87.452 4.288 5.348
89.802 7.207 5.716
91.215 9.275 8.492
89.34 12.429 9.44
92.404 14.629 8.842
92.848 16.068 5.366
96.25 16.222 3.729
98.93 13.936 4.948
98.658 11.826 8.063
100.706 12.254 11.198

End chain 3
42.785 -57.4489 -19.7583
45.5835 -56.4106 -22.0512

48.6178 -55.196 -20.1705
50.8044 -52.5032 -21.6699
54.3138 -52.5305 -20.3045
56.7952 -49.7356 -20.5718
59.776 -51.3216 -18.9338

61.9016 -48.2372 -18.8096
60.1631 -45.6467 -16.6747
63.0008 -43.1586 -16.8044
65.146 -42.4651 -19.826
68.0275 -40.086 -20.0118
68.7892 -38.4875 -23.357
70.9881 -35.7079 -24.6782
69.7033 -32.7522 -26.696
70.1131 -33.5604 -30.4161
70.1254 -37.3324 -29.8283

67.5048 -39.7308 -31.1237
65.4023 -41.2861 -28.404
63.204 -44.329 -28.4582
60.5348 -45.2333 -25.9847
59.1288 -48.6891 -26.169
55.9099 -50.3652 -25.1032
54.8931 -53.9965 -25.388
51.4453 -55.5381 -25.0997
50.6006 -58.8267 -23.4367

48.8477 -59.8543 -26.648
48.6265 -58.6841 -30.2601
47.2511 -55.1485 -30.5389
46.8771 -55.1801 -34.3043
48.4631 -51.7191 -34.4383
45.6792 -50.12 -32.4781
48.0993 -48.137 -30.3969

48.3205 -44.4261 -29.6221
51.0249 -42.353 -27.9438
50.4106 -39.4511 -25.5998
52.7107 -36.8438 -24.1261
52.1095 -35.3313 -20.753
54.0057 -32.2402 -19.6778

54.9585 -31.6172 -16.1399
52.0342 -29.2045 -15.8649
49.8 -32.2123 -16.3089
48.5486 -31.2956 -19.742

48.1578 -34.2371 -22.0854
48.4141 -34.2373 -25.8658
48.0258 -36.9209 -28.4983

51.1749 -37.3511 -30.5508
50.5664 -40.4418 -32.6554
47.5732 -42.5858 -33.4963
47.2222 -45.9839 -35.1346
50.8705 -46.6855 -34.3979
52.3567 -44.2998 -36.8934
50.1089 -41.4633 -37.8901

51.1772 -38.0789 -36.6177
48.526 -35.955 -35.0363
48.2487 -32.6058 -36.7369

50.4039 -29.9626 -35.149
52.8888 -32.5674 -33.9985
56.4072 -32.0392 -35.164
57.8724 -34.3993 -37.7363

60.5471 -35.2687 -35.1828
58.0514 -37.6816 -33.7056
57.4624 -41.0126 -35.3713

55.8258 -44.2664 -34.3256
56.5547 -47.8201 -35.3775
55.9424 -51.4663 -34.5575
53.281 -54.1187 -34.9627

51.9309 -57.068 -33.0594
53.093 -56.7717 -29.4564
55.8962 -54.2576 -29.7329

55.6389 -50.5542 -30.4496

58.06 -47.6483 -30.2294
57.8686 -43.88 -30.2803
60.9661 -42.2735 -31.6764
62.1531 -38.7149 -31.4599
64.5444 -38.0505 -34.3059

66.3161 -35.2272 -32.5495
65.4061 -34.1789 -29.0162
64.4291 -30.6139 -28.3587
64.0953 -29.2232 -24.8865

60.3243 -28.829 -25.3153
60.2275 -32.6194 -25.4428
60.6559 -32.9372 -21.6739

57.6214 -34.9418 -20.6393
56.2786 -38.3826 -19.8207
55.1901 -40.5041 -22.7494
52.4331 -43.0746 -22.5501
51.321 -45.8323 -24.8995
47.6251 -46.7852 -25.0602
45.9176 -49.7569 -26.7108

42.4191 -49.5767 -28.2725
42.3336 -53.1691 -29.5342
40.1458 -54.417 -26.7091
38.221 -53.0829 -23.7413
39.1429 -51.9842 -21.3193

41.5004 -49.5268 -22.9146
44.8085 -49.8196 -21.1272
47.8629 -47.5521 -20.8993
51.5424 -48.2107 -20.3623
53.2763 -47.1158 -17.1481
54.8733 -44.198 -18.9447
58.4135 -43.1069 -19.6459
59.7207 -39.8568 -18.2106
62.6323 -38.2683 -19.9979
65.5775 -36.7491 -18.1929
67.3324 -34.4566 -20.6264
71.0997 -34.1939 -20.4963

72.4831 -30.7633 -21.1265
75.7314 -28.9185 -20.5216
76.5911 -28.1193 -16.932
75.3303 -24.851 -15.5458

75.8991 -23.638 -12.0082
73.0234 -22.3194 -10.0317
72.5466 -18.7237 -8.99827
71.8449 -18.741 -5.3001

69.6191 -16.4936 -3.20834

68.6401 -16.5161 0.457364
65.4344 -15.1651 2.01374
64.7576 -14.4699 5.66315
61.4778 -15.0883 7.37187
58.9419 -12.2821 7.27079
57.7807 -10.7034 10.4883

54.269 -11.5142 9.39466
55.2062 -15.1837 9.66965
57.3407 -14.7204 12.7915
54.4403 -13.2917 14.7072
52.7521 -16.6956 14.4867

55.6602 -18.4625 16.1378
57.4076 -20.1788 13.2514

60.2748 -19.0489 11.0358
60.9684 -20.2889 7.54286
64.2821 -19.5081 5.8727
64.5215 -20.2061 2.1702
67.4834 -20.834 -0.102289
66.9371 -20.791 -3.85196
69.1338 -22.488 -6.43442
68.1107 -21.2156 -9.82026

68.4823 -22.7041 -13.3042
71.1964 -25.3173 -12.8836
72.1316 -28.6633 -14.4173
72.6973 -31.4451 -13.4312
70.1206 -32.0411 -10.7233
72.5404 -33.2449 -8.06502
73.3664 -30.4671 -5.63256

74.2877 -30.2183 -1.98298
72.6275 -27.5295 0.0250871
74.1128 -26.8267 3.40781
72.5192 -24.6316 6.12484

74.4834 -23.1284 8.97839
73.3758 -20.9213 11.7466

76.0984 -19.1266 13.6053
78.5422 -21.4038 11.8512
76.7942 -24.5172 13.0636

75.8571 -27.0955 10.479
72.1765 -27.8795 10.6771
70.6052 -31.2299 10.0032

67.0655 -32.6089 9.91696
65.499 -29.1247 9.91899
65.2016 -28.4831 6.17382

63.1018 -29.7398 3.2876
63.975 -29.567 -0.386217
61.7516 -29.1264 -3.47269
62.8108 -29.3601 -7.08228
61.0344 -28.1284 -10.166
60.6756 -30.198 -13.2989
63.2655 -29.483 -15.9282
62.6426 -26.291 -17.8842
61.1879 -26.6941 -21.3487

63.4671 -24.0984 -22.9033
66.5918 -24.3002 -20.7231
66.3743 -27.909 -19.4926

67.6255 -26.6968 -16.1171

66.2543 -27.3376 -12.6499
65.5188 -24.9934 -9.78408
65.7461 -26.0338 -6.14611
64.3836 -24.6367 -2.90206
65.6601 -25.5137 0.555545
63.5372 -24.3777 3.45053
64.8575 -24.3793 6.96796
62.1276 -24.192 9.53402

62.6742 -23.1939 13.1374
60.5949 -21.9997 16.0497
60.5627 -18.266 16.5805

62.5136 -18.6904 19.759
65.206 -20.6677 18.0536
65.3331 -18.2067 15.1785
65.8271 -15.2549 17.5142
68.5686 -17.2037 19.2631
70.9602 -16.8914 16.3281

72.3519 -14.0183 14.2663
73.7681 -15.5219 11.0919
71.9953 -17.7349 8.61098
73.5513 -19.0227 5.50679

73.29 -21.5687 2.79143
76.2977 -23.0562 1.11951
75.7884 -24.7329 -2.19167
78.0476 -27.2823 -3.81042

77.5576 -28.1699 -7.4548
79.4937 -29.5061 -10.4255

79.1961 -26.0873 -12.0399
80.9201 -24.3229 -9.15846
84.608 -24.7549 -8.50482

84.1129 -23.8972 -4.86364

80.997 -23.7288 -2.81282
78.9661 -20.5641 -2.96015
77.4779 -19.1386 0.20508
74.6172 -16.7143 0.64251

74.1641 -15.2036 4.04487

72.1591 -12.8025 6.12018
72.4054 -11.4021 9.62465
69.3188 -11.0904 11.6951
69.8119 -7.33761 12.0975

70.8757 -6.8019 15.659
73.358 -4.04211 16.254

End chain 4
