40.972 18.575 30.58
39.065 20.592 28.045
39.495 19.566 24.458

38.012 20.93 21.288
38.531 18.508 18.481
37.8 19.67 15.009
36.9 17.7 11.92
39.59 16.983 9.34
40.576 18.901 6.296

38.161 19.277 3.4
38.52 19.868 -0.284
35.355 21.361 -1.634
34.198 22.716 -4.98
33.325 26.288 -5.523
29.649 26.993 -5.018
29.432 24.041 -2.657

28.971 24.166 1.094
30.998 22.531 3.842
30.26 21.983 7.469
32.956 21.707 10.107
32.466 20.138 13.49
33.942 20.817 16.883
33.404 18.116 19.403
34.057 19.331 22.878

34.817 17.378 26.003
36.007 17.913 29.542
33.42 20.512 30.499
29.71 21.233 30.367
29.034 22.26 26.787

25.903 24.268 27.564
27.858 26.43 30.006
30.188 28.149 27.541

29.764 30.215 24.396
31.509 28.88 21.313
33.181 31.234 18.846
34.651 30.559 15.43
37.649 32.271 13.85
39.039 32.231 10.332
42.669 32.538 9.431
43.673 32.938 5.827

47.004 32.662 4.03
48.1 36.052 5.367
47.574 34.481 8.766
45.191 37.285 9.536

42.624 36.459 12.199
38.943 37.218 11.824
36.051 36.624 14.181

33.249 34.959 12.257
30.641 34.558 14.986

29.562 32.699 18.102
26.643 30.727 19.492
25.191 30.145 22.898
24.803 26.448 23.145

22.062 26.576 25.721
19.639 28.696 23.682
21.083 28.429 20.176

21.228 32.203 19.84

23.951 33.412 17.557
25.913 36.55 16.795
27.705 36.933 13.494
30.266 39.273 12.087
28.419 41.116 9.361

31.093 40.195 6.878
30.191 36.533 7.536
26.403 36.898 7.681
25.879 35.441 4.217
28.746 32.943 4.54
28.42 31.094 7.825

25.816 29.316 9.903
26.527 28.102 13.413
24.592 25.304 15.08

24.998 22.998 18.034
24.041 19.456 18.946
23.649 19.414 22.71

23.425 15.646 22.941
26.781 15.293 21.162
28.309 18.317 22.876

29.407 19.399 19.428

29.259 22.72 17.608
29.091 23.055 13.852
29.847 25.788 11.368
28.72 25.473 7.821
29.909 27.715 5.045
27.967 28.201 1.841

28.64 29.53 -1.653
32.292 28.669 -1.305
34.896 30.664 -3.165
38.685 30.553 -3.177

38.485 33.405 -0.712
36.999 30.854 1.678
40.114 28.704 1.644

41.546 29.081 5.108

41.979 27.482 8.488

38.934 27.644 10.725
39.128 27.453 14.481
36.477 26.793 17.043
37.036 28.296 20.426
35.61 28.441 23.966
34.804 31.703 25.613
35.321 31.988 29.348
34.128 34.508 31.817
36.656 35.197 34.499

33.884 36.244 36.848
34.63 39.864 36.188
33.003 41.19 32.97
35.975 39.969 31.033
35.702 37.586 28.151
38.495 35.688 26.521
38.922 32.725 24.252
40.484 30.249 26.7
40.665 27.176 24.574

41.113 26.742 20.871
40.598 23.81 18.559
43.316 22.417 16.28
41.89 24.195 13.292
40.509 22.765 10.071
41.998 23.575 6.704
39.433 24.042 3.999
40.607 24.294 0.438
38.166 25.432 -2.192

39.195 24.277 -5.629
37.952 22.743 -8.837
41.016 20.508 -8.877
40.554 16.893 -7.878
42.318 15.339 -4.939

45.301 13.136 -5.41
47.159 11.157 -2.777
50.84 11.454 -2.249
53.521 9.059 -3.341
55.953 8.353 -0.539
59.57 7.641 -1.338
62.396 6.834 0.961
65.228 9.244 1.597

68.332 7.257 2.395
71.953 8.066 1.881
73.934 6.143 -0.615
76.242 5.123 2.154
77.369 5.729 5.714
80.986 4.729 5.01
83.245 6.427 7.518
80.545 7.498 9.858
79.882 11.037 10.885
78.486 12.123 14.192
74.945 11.969 12.891
72.983 10.136 10.222
69.835 11.328 8.5
66.972 9.638 6.685
63.507 10.673 5.642

60.498 10.308 3.407
59.583 12.351 0.38
55.869 12.992 0.156
55.295 13.967 -3.416

52.593 15.201 -5.734
49.557 15.576 -3.49
46.581 17.925 -3.436
45.234 19.527 -1.444
47.142 19.96 1.72
47.596 19.076 4.441
49.492 15.855 4.992
50.566 14.566 8.384
53.72 12.624 8.938
54.825 10.638 11.959
57.729 8.306 12.554
57.549 4.886 14.16

53.88 5.503 14.807
54.696 8.526 16.933
57.395 6.743 18.885

60.145 8.861 17.382
59.63 12.605 17.771
63.126 13.906 18.465
65.265 15.232 15.648
62.367 15.11 13.229

61.803 17.98 10.843
58.777 17.938 8.587
59.152 20.688 6.019
56.366 22.891 4.922
54.856 21.92 1.602
55.933 23.705 -1.534
53.588 24.258 -4.411
55.128 22.821 -7.548
54.734 24.624 -10.865

52.376 21.789 -11.339
49.28 22.171 -9.326
50.579 19.642 -6.836
52.259 19.869 -3.402
55.45 18.166 -2.239
57.031 17.833 1.183

59.843 15.938 2.876
60.15 14.766 6.461
63.552 13.903 7.833
65.025 12.653 11.062
68.567 12.767 12.33
70.051 10.433 14.924

73.417 10.159 16.542
75.533 7.642 14.698

75.973 5.482 17.766
72.197 5.251 18.247
71.252 4.704 14.608
71.412 0.889 14.794
69.011 0.868 17.726

65.795 1.171 15.693
63.992 0.817 12.4
62.689 3.973 10.801
59.296 4.082 9.202

57.35 7.178 8.253
53.591 7.202 8.581
51.901 9.505 6.103
48.237 10.454 6.232

46.385 12.378 3.531
42.777 12.738 4.64

41.278 14.212 1.532
42.566 11.314 -0.529
41.962 8.873 2.308

45.521 7.712 1.765
47.57 6.186 4.539
50.983 4.864 3.776
53.839 3.476 5.786
57.288 3.567 4.314
60.178 1.88 6
63.447 3.464 5.115
65.946 0.643 4.75
69.105 1.215 6.803
71.238 -0.902 4.479

73.438 -1.851 7.397
74.877 -5.044 5.9
77.366 -5.765 3.148
78.766 -8.932 1.376
82.148 -9.965 -0.133
83.083 -6.365 -0.707
84.272 -4.672 -3.873
86.508 -1.865 -2.384

90.125 -1.975 -3.399
93.076 -0.962 -1.262
94.323 2.581 -1.311
97.831 3.165 -2.569

100.658 2.654 -0.139
103.994 4.199 -1.074
107.236 2.294 -0.981
109.917 1.013 -3.229
109.141 -1.697 -5.699
111.099 -4.813 -6.418

End chain 1
33.5154 50.312 12.2737
36.531 50.6663 14.5195

39.7711 50.1057 12.7076
42.6759 48.7286 14.6685
46.0703 49.4507 13.2258
49.3432 47.8646 13.9888
51.6659 49.8203 11.7879

54.6558 47.5987 12.2492
53.8224 44.2486 10.7309
57.3109 42.8824 11.2257
59.4549 43.5466 14.2548
62.975 42.354 14.787
64.0753 41.727 18.3657
67.0558 40.1909 20.1387
66.7239 37.4903 22.7299
66.6015 38.9645 26.2133
65.5475 42.298 24.7913

62.3718 44.1528 25.7119
59.9102 44.2054 22.8795
56.9393 46.4623 22.4355
54.0921 45.8738 20.0186
51.734 48.7573 19.4216
48.1237 48.9752 18.3227
46.0241 52.0999 17.7846
42.2708 52.379 17.4036
40.5065 54.8357 15.1288

38.3316 55.8086 18.0853
38.5757 55.4584 21.8624
38.0692 51.8377 22.9431
37.9776 52.577 26.6684
40.4773 49.8349 27.47
38.3532 47.1236 25.9467
41.3402 45.574 24.2533

42.7053 42.043 24.2239
45.9594 40.6422 22.8686
46.3874 37.2763 21.1948
49.4382 35.2741 20.2164
49.385 33.0476 17.1897
52.2852 30.7636 16.6207

53.3973 29.4085 13.3324
51.3014 26.2729 13.8504
48.3182 28.5275 13.5516
47.4027 27.9326 17.1672

46.0143 31.0032 18.9299
46.1718 31.8434 22.615
44.8622 34.7696 24.6286

47.6486 36.5872 26.4426
46.0364 39.6936 27.8904
42.5008 40.9186 28.4391
41.0766 44.3164 29.3509
44.3788 45.8173 28.2475
46.2921 44.9199 31.432
45.141 41.585 32.7736

47.2593 38.5184 32.1936
45.4727 35.3755 31.1979
46.2101 32.5663 33.5831

49.1594 30.5196 32.4574
50.7848 33.4267 30.6746
54.2268 34.2706 31.8211
54.769 37.4733 33.7627

57.1109 38.6968 31.0687
54.0125 39.7062 29.1367
52.3391 42.9454 30.1224

49.7736 45.2351 28.5221
49.3609 48.9782 28.7658
47.6087 51.9838 27.264
44.2457 53.7067 27.2434
42.1038 55.6507 24.8454
43.2838 54.888 21.3168
46.774 53.5708 21.9699
47.73 50.2358 23.4811

50.9354 48.2471 23.752
51.939 44.6881 24.5213
55.3581 44.4391 26.0959
57.6035 41.492 26.6151
60.0745 42.2573 29.3461

62.6769 39.8025 28.2106
62.1749 37.9817 24.965
62.4242 34.2123 24.9246
62.6869 31.9975 21.89

59.2191 30.5126 22.5151
57.8751 34.0284 21.9583
58.2729 33.6953 18.1914

54.769 34.3626 16.9095
52.413 36.9628 15.4979
50.6328 39.1742 17.987
47.2063 40.6484 17.3772
45.1815 43.2615 19.233
41.3829 43.0799 19.2995
38.8166 45.6245 20.4874
35.5018 44.6915 22.1389

34.2888 48.2691 22.63
31.8625 48.1272 19.7376
30.4823 45.6302 17.2747
31.7819 44.3993 15.0278

34.7901 43.2524 16.9626
37.8781 44.1298 14.9603
41.4972 42.9756 15.0859
44.7796 44.6499 14.2535
46.8307 43.5245 11.2404
49.2396 41.7056 13.5207
52.931 41.9626 14.2516
55.201 39.0563 13.5518
58.4874 38.8966 15.3699
61.7836 38.1073 13.7063
64.0672 36.9696 16.4575
67.7134 37.7391 16.1283

70.2287 35.3835 17.599
73.8599 34.5134 17.0047
74.9302 33.3664 13.5772

74.8336 29.643 12.9802
75.8165 27.9209 9.75704
73.5664 25.3617 8.22124
74.2908 21.6643 8.04942
73.6098 20.6719 4.50733

72.2878 17.4403 3.00523

71.4504 16.3542 -0.528861
68.8997 13.7166 -1.5571
68.5793 12.0553 -4.93392
65.2803 11.2843 -6.5541
63.7878 7.90532 -5.77502
63.2086 5.31607 -8.46403

59.6161 5.32262 -7.3632
59.3499 8.92004 -8.51264
61.5747 8.48721 -11.5685
59.3735 5.87581 -13.1412
56.6494 8.51513 -13.4259

58.8606 10.716 -15.5596
59.9265 13.4502 -13.1732

62.9496 13.7597 -10.9089
63.1419 15.9148 -7.81482
66.4673 16.5295 -6.15098
66.383 18.1366 -2.76977
68.9698 19.9487 -0.755393
68.3542 20.7221 2.89455
69.8862 23.5059 4.96594
69.2781 22.696 8.59475

69.1004 24.9586 11.6547
70.8049 28.1665 10.5393
70.5656 31.9014 11.2451
70.2034 34.438 9.68808
67.6599 33.4707 7.07146
69.5938 34.8555 4.10208
71.3176 32.0487 2.24517

72.314 31.3145 -1.32068
71.5436 27.8925 -2.62076
73.2171 27.065 -5.88126
72.4808 24.0077 -8.02146
75.1336 22.4496 -10.244
74.6564 19.6399 -12.6923

77.829 18.1074 -14.0671
79.2319 21.4518 -12.9424
76.7796 23.414 -15.022

74.9259 25.8454 -12.9028
71.2138 25.7722 -13.0857
68.761 28.6176 -13.0871

64.9791 28.7345 -12.9916
64.4783 25.056 -12.2193
64.2891 25.1313 -8.44148

62.0017 26.3343 -5.66766
62.8473 27.0185 -2.05158
60.7949 26.6937 1.11484
61.7044 27.9401 4.55605
60.3148 26.94 7.89531
59.3024 29.4503 10.5018
61.9005 30.1912 13.1486
62.2093 27.364 15.6471
60.7675 28.0369 19.0699

63.7383 26.6048 20.9247
66.7866 27.5365 18.8042
65.3226 30.4085 16.7357

66.9373 28.9494 13.6228

65.5246 28.3958 10.1467
65.6458 25.3689 7.88816
65.3427 25.5881 4.13237
64.7739 23.1501 1.3023
65.7089 23.6791 -2.30876
64.1423 21.3306 -4.81631
65.3939 21.0214 -8.34147
62.8801 19.5202 -10.7247

64.05 17.8425 -13.9256
62.4847 15.5506 -16.4639
63.5532 11.9441 -16.1588

65.3303 12.1876 -19.473
67.2569 15.2168 -18.3484
68.1205 13.6262 -15.0309
69.5418 10.5497 -16.7199
71.5713 12.8051 -18.9702
73.9697 13.8461 -16.2348

76.1361 12.2026 -13.5679
76.6324 14.6316 -10.7829
74.2028 16.764 -8.87625
75.5381 19.2508 -6.40576

74.1248 21.8832 -4.07819
76.3971 24.7259 -3.07531
75.5005 26.7422 -0.0338643
76.7874 30.1732 0.876044

75.989 31.6304 4.27345
77.3639 34.1682 6.72782

78.1234 31.3362 9.11706
80.3074 29.4879 6.69163
83.7168 30.7655 5.67374

83.6282 29.2712 2.1891

80.7278 27.6591 0.47489
79.7246 24.1304 1.37418
78.9554 21.6517 -1.34502
77.1447 18.3668 -1.14052

76.7204 16.1613 -4.16022

76.1576 12.6356 -5.37039
76.9797 10.8516 -8.59792
73.9804 9.18497 -10.1553

74.4149 6.05378 -12.0161
75.6124 5.11581 -15.4147
78.2189 2.59585 -16.3243

End chain 2
41.105 -18.209 -30.143
39.151 -20.598 -28.01
39.504 -19.715 -24.388

37.986 -20.946 -21.166
38.514 -18.414 -18.44
37.711 -19.653 -14.962
36.948 -17.628 -11.869
39.643 -16.957 -9.28
40.641 -18.855 -6.223

38.213 -19.084 -3.373
38.293 -19.605 0.399
35.253 -21.312 1.718
34.191 -22.636 5.091
33.286 -26.194 5.623
29.605 -26.86 5.097
29.402 -23.925 2.708

28.916 -24.042 -1.046
31.029 -22.564 -3.832
30.211 -21.723 -7.427
32.95 -21.734 -10.056
32.485 -20.132 -13.446
33.907 -20.912 -16.861
33.445 -18.123 -19.324
34.032 -19.35 -22.817

34.804 -17.377 -25.929
35.996 -17.909 -29.466
33.433 -20.54 -30.394
29.724 -21.285 -30.314
29.025 -22.251 -26.724

25.985 -24.37 -27.52
27.96 -26.478 -29.989
30.254 -28.218 -27.498

29.803 -30.249 -24.317
31.595 -28.934 -21.258
33.195 -31.242 -18.712
34.679 -30.561 -15.313
37.662 -32.263 -13.696
39.054 -32.261 -10.186
42.751 -32.26 -9.343
43.668 -32.929 -5.715

46.976 -32.596 -3.895
48.058 -36 -5.207
47.623 -34.449 -8.635
45.217 -37.237 -9.401

42.639 -36.409 -12.033
38.982 -37.196 -11.675
36.053 -36.611 -14.005
33.258 -34.791 -12.173
30.637 -34.597 -14.909
29.564 -32.768 -18.042
26.719 -30.699 -19.416
25.239 -30.186 -22.847
24.852 -26.468 -23.121

22.153 -26.659 -25.717
19.831 -28.982 -23.721
21.07 -28.418 -20.203

21.305 -32.187 -19.862

24.037 -33.419 -17.584
25.945 -36.565 -16.672
27.722 -36.925 -13.37
30.293 -39.238 -11.93
28.458 -41.114 -9.218

31.076 -40.132 -6.701
30.162 -36.482 -7.392
26.369 -36.842 -7.562
25.851 -35.397 -4.099
28.687 -32.867 -4.436
28.396 -31.033 -7.726

25.819 -29.338 -9.866
26.503 -28.117 -13.374
24.581 -25.326 -15.052

24.974 -23.057 -18.032
24.007 -19.525 -18.945
23.711 -19.479 -22.714

23.365 -15.716 -22.835
26.775 -15.203 -21.225
28.248 -18.36 -22.8

29.416 -19.438 -19.374

29.264 -22.748 -17.549
29.133 -23.094 -13.794
29.8 -25.796 -11.238
28.652 -25.427 -7.715
29.881 -27.689 -4.99
27.968 -28.062 -1.747

28.604 -29.4 1.75
32.266 -28.605 1.366
34.862 -30.47 3.369
38.646 -30.456 3.266

38.471 -33.308 0.801
36.984 -30.761 -1.596
40.085 -28.612 -1.524

41.523 -29.006 -4.99

41.972 -27.415 -8.374

38.943 -27.604 -10.629
39.181 -27.503 -14.387
36.58 -26.731 -16.969
37.089 -28.363 -20.35
35.54 -28.46 -23.8
34.826 -31.698 -25.594
35.648 -31.884 -29.252
34.293 -34.332 -31.742
36.696 -35.301 -34.447

33.859 -36.29 -36.753
34.082 -39.993 -36.076
32.892 -40.91 -32.579
36.117 -39.846 -30.971
35.782 -37.57 -27.996
38.545 -35.686 -26.274
38.953 -32.641 -24.075
40.43 -30.302 -26.659
40.67 -27.169 -24.537

41.128 -26.746 -20.825
40.617 -23.812 -18.525
43.323 -22.412 -16.269
41.903 -24.118 -13.191
40.49 -22.736 -9.966
41.994 -23.518 -6.595
39.41 -23.93 -3.929
40.556 -24.198 -0.381
38.151 -25.366 2.261

39.168 -24.232 5.69
37.957 -22.648 8.902
41.004 -20.394 8.954
40.547 -16.79 7.928
42.29 -15.237 4.974

45.471 -13.329 5.571
47.193 -11.175 2.951
50.893 -11.482 2.446
53.583 -9.076 3.499
56.009 -8.37 0.699
59.619 -7.667 1.529
62.446 -6.88 -0.784
65.288 -9.281 -1.441

68.348 -7.227 -2.214
71.983 -8.036 -1.802
74.103 -6.402 0.848
76.265 -5.117 -1.922
77.398 -5.696 -5.416
79.796 -8.596 -5.125

82.989 -8.642 -7.163
81.554 -7.941 -10.622
79.902 -11.224 -11.213

78.349 -12.282 -14.425

74.943 -12.015 -12.814
73.03 -10.124 -10.121
69.924 -11.352 -8.306
66.998 -9.56 -6.708
63.594 -10.677 -5.464

60.534 -10.308 -3.276
59.635 -12.354 -0.226
55.931 -13.004 0.015
55.403 -13.965 3.609

52.632 -15.422 5.758
49.552 -15.542 3.607
46.597 -17.901 3.558
45.431 -19.58 1.565
47.203 -19.948 -1.678
47.618 -19.064 -4.397
49.566 -15.868 -4.857
50.6 -14.555 -8.248
53.751 -12.608 -8.791
54.85 -10.597 -11.798
57.781 -8.307 -12.392
57.573 -4.875 -13.975

53.904 -5.492 -14.657
54.72 -8.525 -16.762
57.399 -6.735 -18.731

60.162 -8.821 -17.186
59.665 -12.566 -17.669
63.158 -13.844 -18.356
65.267 -15.16 -15.522
62.44 -15.079 -13.029

61.86 -17.962 -10.699
58.822 -17.909 -8.471
59.196 -20.658 -5.897
56.435 -22.888 -4.81
54.901 -21.966 -1.485
55.983 -23.748 1.64
53.642 -24.37 4.517
55.136 -22.73 7.575
54.849 -24.286 11.036

52.357 -21.55 11.453
49.287 -21.999 9.454
50.712 -19.571 6.899
52.313 -19.933 3.466
55.439 -18.166 2.227
57.191 -17.888 -1.135

59.968 -15.956 -2.729
60.203 -14.728 -6.309
63.599 -13.937 -7.683
65.047 -12.628 -10.9
68.587 -12.74 -12.232
70.08 -10.355 -14.764

73.442 -10.1 -16.397
75.57 -7.595 -14.534

75.964 -5.408 -17.593
72.192 -5.229 -18.122
71.271 -4.722 -14.46
71.431 -0.929 -14.73
68.966 -0.982 -17.574

65.763 -1.135 -15.546
64.019 -0.798 -12.185
62.72 -3.94 -10.539
59.255 -4.118 -9.046

57.444 -7.214 -7.938
53.683 -7.205 -8.393
51.961 -9.504 -5.94
48.287 -10.364 -6.05
46.445 -12.352 -3.399
42.852 -12.612 -4.547

41.351 -14.167 -1.482
42.662 -11.284 0.613
41.969 -8.786 -2.122

45.527 -7.706 -1.585
47.645 -6.273 -4.321
51.045 -4.882 -3.58
53.854 -3.508 -5.649
57.272 -3.542 -4.168
60.203 -1.848 -5.776
63.441 -3.455 -4.848
65.919 -0.624 -4.568
69.084 -1.3 -6.554
71.261 0.892 -4.308

73.467 1.834 -7.212
75.013 4.98 -5.831
77.514 5.597 -3.09
78.379 8.725 -1.073
81.648 9.103 0.786
84.874 7.662 -0.504
84.629 3.92 -1.183
86.604 2.961 1.931
87.452 4.288 5.348
89.802 7.207 5.716
91.215 9.275 8.492
89.34 12.429 9.44
92.404 14.629 8.842
92.848 16.068 5.366
96.25 16.222 3.729
98.93 13.936 4.948
98.658 11.826 8.063
100.706 12.254 11.198

End chain 3
38.7606 -54.504 -20.1951
41.4762 -53.685 -22.6693

44.813 -53.102 -21.0127
47.2505 -50.6347 -22.5136
50.8187 -51.2985 -21.5095
53.6689 -48.8846 -21.8095
56.5001 -51.0309 -20.6005

59.0787 -48.3148 -20.4547
57.9525 -45.7001 -17.9676
61.1179 -43.653 -18.1897
63.0741 -43.0125 -21.3482
66.261 -41.0742 -21.6385
66.9671 -39.3104 -24.9121
69.4454 -36.7755 -26.2308
68.4619 -33.4942 -27.8812
68.4178 -34.016 -31.6742
67.899 -37.7866 -31.3779

64.8374 -39.649 -32.5846
62.7641 -41.1176 -29.7952
60.1264 -43.7884 -29.8611
57.5744 -44.5106 -27.2103
55.6416 -47.6925 -27.5154
52.3073 -48.9679 -26.2651
50.7218 -52.3707 -26.7218
47.1156 -53.4102 -26.2101
45.9211 -56.6756 -24.7253

43.7589 -57.1425 -27.8152
43.4083 -55.6326 -31.2884
42.5758 -51.9232 -31.1606
41.8762 -51.561 -34.8617
43.9595 -48.3718 -34.89
41.6362 -46.5649 -32.5475
44.5045 -45.153 -30.5728

45.3619 -41.5993 -29.545
48.489 -40.104 -27.9913
48.5354 -37.366 -25.3849
51.3292 -35.2669 -23.9537
51.2634 -33.9919 -20.4328
53.6998 -31.3212 -19.3201

55.0406 -31.165 -15.8574
52.5585 -28.3846 -15.1114
49.857 -30.9805 -15.5578
48.469 -29.5855 -18.7703

47.4273 -32.2154 -21.2793
47.3516 -31.9134 -25.0556
46.3271 -34.2636 -27.8322

49.1821 -34.9642 -30.2139
47.9238 -37.7306 -32.4758
44.5742 -39.3287 -33.1752
43.5624 -42.4776 -35.0232
47.1088 -43.7694 -34.7078
48.7231 -41.4126 -37.1506
46.8619 -38.1995 -37.7014

48.5458 -35.1363 -36.2887
46.4012 -32.7977 -34.2955
46.4975 -29.3049 -35.7015

49.1641 -27.1595 -34.1399
51.3078 -30.1929 -33.4425
54.751 -30.0831 -34.9083
55.6059 -32.3916 -37.7848

58.3257 -33.8693 -35.5828
55.6254 -36.0135 -34.0521
54.3874 -39.059 -35.8985

52.3653 -42.1187 -34.9449
52.4432 -45.6317 -36.3302
51.3493 -49.2077 -35.7321
48.2856 -51.3944 -36.0706

46.667 -54.2731 -34.2715
48.169 -54.4752 -30.7898
51.2918 -52.3843 -31.152

51.5477 -48.6338 -31.5571

54.3979 -46.1456 -31.3589
54.7864 -42.4008 -31.105
57.9617 -41.1464 -32.6761
59.6977 -37.8341 -32.3097
61.9068 -37.2741 -35.3205

64.2385 -34.9101 -33.54
63.8111 -34.0617 -29.8646
63.4565 -30.4657 -28.8451
63.6437 -29.3589 -25.2617

59.9558 -28.3797 -25.2827
59.2648 -32.088 -25.6867
59.9643 -32.8025 -22.0139

56.7583 -34.4258 -20.8379
54.9769 -37.6923 -20.153
53.3243 -39.3596 -23.1113
50.2316 -41.5059 -22.8345
48.5078 -43.8485 -25.2638
44.7093 -44.2315 -25.1284
42.4272 -46.7605 -26.8216

38.8763 -45.9301 -28.0099
38.1284 -49.3432 -29.5254
36.0278 -50.506 -26.5997
34.5966 -49.1765 -23.3629
35.8836 -48.4468 -20.9682

38.4445 -46.228 -22.599
41.8103 -47.1616 -21.1763
45.186 -45.3957 -21.0819
48.7524 -46.6317 -20.9644
50.9066 -46.096 -17.8647
52.7727 -43.2941 -19.5847
56.3645 -42.6748 -20.5494
58.2769 -39.7935 -19.009
61.2326 -38.4944 -20.9512
64.5222 -37.5915 -19.3377
66.3919 -35.3714 -21.7528
70.1516 -35.6762 -21.978

71.9877 -32.4427 -22.4809
75.5218 -31.1554 -22.0636
76.8026 -30.8167 -18.5269
76.186 -27.537 -16.7788

77.2399 -26.7432 -13.2335
74.7844 -25.2006 -10.887
74.9595 -21.6815 -9.54191
74.587 -21.9281 -5.80432

72.9245 -19.5761 -3.33764

72.2755 -19.7844 0.39489
69.4639 -18.1237 2.35981
69.2215 -17.6678 6.10052
66.0464 -17.9501 8.07477
63.9745 -14.8051 8.43894
63.3543 -13.369 11.8662

59.6781 -13.555 11.0685
60.0584 -17.3319 10.9702
62.5014 -17.4688 13.8907
60.0334 -15.8087 16.1877
57.8276 -18.8948 15.8788

60.5605 -21.2098 17.0943
61.7652 -22.897 13.927

64.5692 -22.0048 11.5295
64.7575 -23.0141 7.90108
67.9945 -22.5802 5.97402
67.8012 -22.9701 2.22388
70.4224 -23.8183 -0.372574
69.566 -23.3589 -4.03535
71.2423 -25.1203 -6.94432
70.138 -23.4127 -10.1056

69.9718 -24.6203 -13.7119
72.2765 -27.63 -13.7622
72.5477 -30.9254 -15.6302
72.7609 -33.8373 -14.9187
70.3678 -34.2904 -12.0213
72.7944 -36.0696 -9.71533
74.2468 -33.6728 -7.17354

75.5086 -33.8906 -3.62521
74.4635 -31.1791 -1.26429
76.3273 -31.0084 1.99764
75.3331 -28.8567 5.01795

77.7457 -27.92 7.76793
77.2362 -25.8323 10.7917

80.354 -24.6302 12.5013
82.2557 -27.0738 10.3458
80.1602 -29.9938 11.4864

78.616 -32.1642 8.81981
74.8897 -32.4152 9.32258
72.7679 -35.425 8.55618

69.0639 -36.2572 8.71777
68.0598 -32.5956 9.1393
67.5412 -31.5834 5.5016

65.0303 -32.2544 2.75135
65.5977 -31.8819 -0.967337
63.2096 -30.8448 -3.77543
63.9028 -30.9057 -7.47964
62.077 -29.155 -10.2695
61.1328 -30.8597 -13.4989
63.5641 -30.2984 -16.3107
63.2736 -26.8869 -17.9478
61.4792 -26.7595 -21.2712

63.988 -24.3965 -22.8434
67.2214 -25.249 -21.0059
66.5574 -28.8828 -20.0368

68.2687 -28.1753 -16.7202

67.121 -28.9174 -13.1925
67.0073 -26.7579 -10.0985
67.3861 -28.143 -6.59038
66.542 -26.8587 -3.13058
67.963 -28.2203 0.106729
66.3001 -27.0505 3.27594
67.9045 -27.5616 6.63456
65.4691 -27.2078 9.46585

66.4737 -26.6285 13.0623
64.864 -25.4093 16.2488
65.4543 -21.7741 17.0614

67.5847 -22.7636 19.9892
69.7816 -24.9526 17.8799
70.0369 -22.2884 15.2011
71.1811 -19.6628 17.6931
73.7304 -22.1414 19.0084
75.8778 -21.9203 15.8825

77.5119 -19.1085 13.9162
78.3985 -20.5118 10.5122
76.097 -22.2093 8.05907
77.1605 -23.4268 4.72711

76.2751 -25.6527 1.8661
78.8608 -27.4083 -0.204137
77.8137 -28.6879 -3.56581
79.5035 -31.3848 -5.58938

78.5682 -31.8599 -9.22378
80.0099 -33.1928 -12.4647

80.1043 -29.6362 -13.7779
82.3232 -28.4095 -10.9567
85.9429 -29.4341 -10.7072

85.9038 -28.8438 -6.98036

83.041 -28.4058 -4.62335
81.5176 -24.9775 -4.3281
80.5473 -23.6397 -0.93186
78.1437 -20.8718 -0.0300874

78.226 -19.6229 3.50506

76.803 -17.1504 5.94514
77.5655 -16.1219 9.50378
74.7553 -15.5487 11.8882
75.8544 -11.9602 12.5228

77.293 -11.9084 15.9913
80.2135 -9.60672 16.5441

End chain 4
