36.7312 19.4438 32.825
34.8877 21.4136 30.2073
35.3662 20.2907 26.6556

33.9503 21.5871 23.4271
34.4902 19.088 20.6924
33.829 20.167 17.1799
32.9596 18.1268 14.1279
35.6842 17.3161 11.6128
36.7406 19.1446 8.53747

34.378 19.4698 5.59255
34.8041 19.9615 1.90112
31.6778 21.4509 0.460114
30.5906 22.7304 -2.93863
29.7644 26.2957 -3.58798
26.0882 27.0507 -3.16318
25.8011 24.1632 -0.73098

25.2794 24.3899 3.00728
27.2433 22.8063 5.83014
26.4396 22.3599 9.45712
29.0885 22.1251 12.1463
28.5261 20.6493 15.5599
29.9528 21.4011 18.9586
29.3448 18.7718 21.5379
29.9529 20.0698 24.9909

30.6405 18.1908 28.1775
31.7773 18.8053 31.7211
29.2024 21.4542 32.5672
25.5029 22.209 32.3543
24.8971 23.1497 28.7382

21.7749 25.2086 29.4105
23.7119 27.4133 31.8286
26.1004 29.0443 29.3597

25.7502 31.0323 26.1559
27.5319 29.6003 23.1381
29.2692 31.8726 20.6398
30.7883 31.0945 17.2675
33.8299 32.7346 15.6946
35.2774 32.5895 12.2027
38.9249 32.8364 11.3553
39.9926 33.1327 7.75955

43.3498 32.7766 6.02652
44.4591 36.1889 7.29408
43.8604 34.7119 10.7231
41.4946 37.5588 11.3805

38.8754 36.828 14.0203
35.2093 37.6142 13.564
32.2726 37.1107 15.8866

29.4854 35.4248 13.9592
26.8285 35.121 16.6534

25.6786 33.3543 19.7976
22.7164 31.4485 21.1886
21.2022 30.9697 24.5835
20.7712 27.2844 24.919

17.9895 27.5068 27.4444
15.623 29.5976 25.3111
17.1219 29.2253 21.8379

17.3122 32.9877 21.4074

20.0852 34.1096 19.1401
22.0925 37.2068 18.3307
23.9428 37.486 15.0516
26.5512 39.7628 13.6281
24.7691 41.5531 10.8249

27.474 40.5412 8.41173
26.5227 36.9067 9.14849
22.7369 37.3136 9.22033
22.255 35.7727 5.78665
25.0898 33.2551 6.22199
24.69 31.4952 9.54754

22.0334 29.798 11.6265
22.6734 28.6682 15.1781
20.6817 25.934 16.8837

21.0145 23.7014 19.9025
20.0053 20.194 20.8891
19.5506 20.2535 24.6458

19.2832 16.4952 24.9699
22.6642 16.0624 23.2573
24.1954 19.1142 24.9184

25.3617 20.0953 21.4626

25.2788 23.3694 19.5555
25.1765 23.6087 15.7899
26.0022 26.2686 13.2494
24.9308 25.8732 9.69324
26.1892 28.0305 6.88085
24.3057 28.4529 3.6332

25.0504 29.684 0.11797
28.6868 28.7955 0.54938
31.3421 30.7153 -1.31729
35.1294 30.5657 -1.26271

34.9187 33.4825 1.12437
33.3666 31.0094 3.5539
36.4589 28.8279 3.62763

37.8373 29.2801 7.10437

38.1974 27.7649 10.5312

35.1177 28.0155 12.7118
35.2475 27.9199 16.4742
32.5476 27.3533 19.0074
33.0663 28.9377 22.3595
31.5836 29.1888 25.8701
30.7848 32.5003 27.4188
31.2429 32.8768 31.1534
30.0358 35.4718 33.5363
32.5261 36.2045 36.2419

29.7268 37.3399 38.5162
30.5217 40.9339 37.7759
28.9623 42.1924 34.4979
31.9529 40.8917 32.6432
31.7025 38.4377 29.8193
34.502 36.47 28.2859
34.9353 33.4451 26.1014
36.4304 31.0177 28.6382
36.6142 27.889 26.5954

37.1188 27.3547 22.9128
36.6113 24.3691 20.6687
39.3519 22.8902 18.4724
37.9943 24.6045 15.416
36.6518 23.1055 12.2101
38.2048 23.813 8.84891
35.69 24.2356 6.09004
36.9253 24.3834 2.54398
34.5403 25.4775 -0.155114

35.6138 24.2235 -3.54346
34.408 22.6195 -6.73137
37.4486 20.3534 -6.66231
36.9321 16.7704 -5.57852
38.6307 15.2753 -2.57125

41.5978 13.0308 -2.93517
43.391 11.102 -0.221241
47.0657 11.3754 0.36077
49.739 8.926 -0.623993
52.1167 8.26831 2.23575
55.7388 7.49936 1.51628
58.5177 6.7237 3.88249
61.364 9.12065 4.50379

64.4332 7.12375 5.40475
68.0706 7.88256 4.93107
70.0723 5.87564 2.51905
72.3232 4.90446 5.3518
73.3975 5.59107 8.91348
77.0149 4.5367 8.29638
79.2499 6.27621 10.7975
76.5229 7.43468 13.0634
75.8803 11.0056 13.9877
74.4413 12.191 17.2417
70.9209 12.0391 15.8857
68.9841 10.1574 13.2322
65.8778 11.3362 11.4274
63.0276 9.6287 9.60858
59.5914 10.6713 8.48116

56.6161 10.2789 6.20601
55.7729 12.2519 3.11248
52.0701 12.9244 2.80963
51.5656 13.8122 -0.795428

48.9155 15.013 -3.18953
45.8468 15.4766 -1.0073
42.8953 17.8562 -1.06382
41.5324 19.5228 0.863358
43.3922 20.0183 4.04681
43.7918 19.2006 6.7969
45.6444 15.9759 7.46242
46.6485 14.7645 10.9041
49.7723 12.8057 11.5608
50.8061 10.8876 14.6501
53.6752 8.54259 15.3536
53.4326 5.16733 17.0439

49.7601 5.8379 17.613
50.5726 8.90657 19.6739
53.22 7.14758 21.7163

56.0167 9.19805 20.2057
55.5347 12.9559 20.4895
59.0323 14.2391 21.2085
61.2315 15.47 18.3947
58.3728 15.3146 15.9312

57.8786 18.1274 13.463
54.8901 18.0575 11.1583
55.3364 20.7361 8.52701
52.5923 22.938 7.32699
51.1273 21.8966 4.00815
52.2748 23.5888 0.845809
49.9837 24.0907 -2.0835
51.5602 22.5575 -5.15614
51.2402 24.2778 -8.52459

48.8606 21.4554 -8.96507
45.7359 21.9207 -7.01492
46.9668 19.4441 -4.43916
48.5921 19.743 -0.984377
51.7453 18.0385 0.275563
53.2658 17.7784 3.7311

56.0293 15.8996 5.51936
56.2646 14.8178 9.13799
59.6341 13.9563 10.5888
61.0402 12.7756 13.8732
64.5618 12.8866 15.1972
65.978 10.6057 17.875

69.3137 10.3398 19.5559
71.4333 7.75462 17.8131

71.7997 5.67049 20.9427
68.014 5.49017 21.3659
67.1237 4.85865 17.7268
67.2404 1.04833 18.0136
64.7911 1.12753 20.9043

61.6126 1.41022 18.8104
59.8607 0.989254 15.4978
58.6176 4.11577 13.7964
55.2529 4.21756 12.1383

53.3556 7.30743 11.0773
49.5921 7.37787 11.3413
47.9677 9.63285 8.77682
44.3123 10.6218 8.81972

42.5256 12.4938 6.03934
38.9037 12.9188 7.07787

37.472 14.3269 3.9082
38.7633 11.3636 1.94441
38.0868 9.00313 4.83273

41.6419 7.79258 4.37972
43.6285 6.31834 7.22614
47.0395 4.94262 6.55492
49.8471 3.5784 8.64772
53.3208 3.5964 7.23207
56.1645 1.92455 9.00929
59.4642 3.452 8.13892
61.9391 0.597406 7.88872
65.0695 1.19047 9.97915
67.2183 -1.00745 7.7466

69.3596 -1.9027 10.7246
70.7895 -5.14778 9.33472
73.316 -5.96493 6.64443
74.7117 -9.19075 4.97832
78.1071 -10.2966 3.55349
79.0893 -6.72229 2.90284
80.3483 -5.12397 -0.285235
82.5888 -2.30206 1.16843

86.2208 -2.47483 0.217566
89.1465 -1.43666 2.37711
90.4314 2.09111 2.25793
93.9657 2.60687 1.04449

96.7465 2.13048 3.53404
100.114 3.61698 2.61582
103.333 1.68239 2.81232
106.038 0.316574 0.643437
105.274 -2.44853 -1.7687
107.211 -5.60172 -2.37425

End chain 1
33.5154 50.312 12.2737
36.531 50.6663 14.5195

39.7711 50.1057 12.7076
42.6759 48.7286 14.6685
46.0703 49.4507 13.2258
49.3432 47.8646 13.9888
51.6659 49.8203 11.7879

54.6558 47.5987 12.2492
53.8224 44.2486 10.7309
57.3109 42.8824 11.2257
59.4549 43.5466 14.2548
62.975 42.354 14.787
64.0753 41.727 18.3657
67.0558 40.1909 20.1387
66.7239 37.4903 22.7299
66.6015 38.9645 26.2133
65.5475 42.298 24.7913

62.3718 44.1528 25.7119
59.9102 44.2054 22.8795
56.9393 46.4623 22.4355
54.0921 45.8738 20.0186
51.734 48.7573 19.4216
48.1237 48.9752 18.3227
46.0241 52.0999 17.7846
42.2708 52.379 17.4036
40.5065 54.8357 15.1288

38.3316 55.8086 18.0853
38.5757 55.4584 21.8624
38.0692 51.8377 22.9431
37.9776 52.577 26.6684
40.4773 49.8349 27.47
38.3532 47.1236 25.9467
41.3402 45.574 24.2533

42.7053 42.043 24.2239
45.9594 40.6422 22.8686
46.3874 37.2763 21.1948
49.4382 35.2741 20.2164
49.385 33.0476 17.1897
52.2852 30.7636 16.6207

53.3973 29.4085 13.3324
51.3014 26.2729 13.8504
48.3182 28.5275 13.5516
47.4027 27.9326 17.1672

46.0143 31.0032 18.9299
46.1718 31.8434 22.615
44.8622 34.7696 24.6286

47.6486 36.5872 26.4426
46.0364 39.6936 27.8904
42.5008 40.9186 28.4391
41.0766 44.3164 29.3509
44.3788 45.8173 28.2475
46.2921 44.9199 31.432
45.141 41.585 32.7736

47.2593 38.5184 32.1936
45.4727 35.3755 31.1979
46.2101 32.5663 33.5831

49.1594 30.5196 32.4574
50.7848 33.4267 30.6746
54.2268 34.2706 31.8211
54.769 37.4733 33.7627

57.1109 38.6968 31.0687
54.0125 39.7062 29.1367
52.3391 42.9454 30.1224

49.7736 45.2351 28.5221
49.3609 48.9782 28.7658
47.6087 51.9838 27.264
44.2457 53.7067 27.2434
42.1038 55.6507 24.8454
43.2838 54.888 21.3168
46.774 53.5708 21.9699
47.73 50.2358 23.4811

50.9354 48.2471 23.752
51.939 44.6881 24.5213
55.3581 44.4391 26.0959
57.6035 41.492 26.6151
60.0745 42.2573 29.3461

62.6769 39.8025 28.2106
62.1749 37.9817 24.965
62.4242 34.2123 24.9246
62.6869 31.9975 21.89

59.2191 30.5126 22.5151
57.8751 34.0284 21.9583
58.2729 33.6953 18.1914

54.769 34.3626 16.9095
52.413 36.9628 15.4979
50.6328 39.1742 17.987
47.2063 40.6484 17.3772
45.1815 43.2615 19.233
41.3829 43.0799 19.2995
38.8166 45.6245 20.4874
35.5018 44.6915 22.1389

34.2888 48.2691 22.63
31.8625 48.1272 19.7376
30.4823 45.6302 17.2747
31.7819 44.3993 15.0278

34.7901 43.2524 16.9626
37.8781 44.1298 14.9603
41.4972 42.9756 15.0859
44.7796 44.6499 14.2535
46.8307 43.5245 11.2404
49.2396 41.7056 13.5207
52.931 41.9626 14.2516
55.201 39.0563 13.5518
58.4874 38.8966 15.3699
61.7836 38.1073 13.7063
64.0672 36.9696 16.4575
67.7134 37.7391 16.1283

70.2287 35.3835 17.599
73.8599 34.5134 17.0047
74.9302 33.3664 13.5772

74.8336 29.643 12.9802
75.8165 27.9209 9.75704
73.5664 25.3617 8.22124
74.2908 21.6643 8.04942
73.6098 20.6719 4.50733

72.2878 17.4403 3.00523

71.4504 16.3542 -0.528861
68.8997 13.7166 -1.5571
68.5793 12.0553 -4.93392
65.2803 11.2843 -6.5541
63.7878 7.90532 -5.77502
63.2086 5.31607 -8.46403

59.6161 5.32262 -7.3632
59.3499 8.92004 -8.51264
61.5747 8.48721 -11.5685
59.3735 5.87581 -13.1412
56.6494 8.51513 -13.4259

58.8606 10.716 -15.5596
59.9265 13.4502 -13.1732

62.9496 13.7597 -10.9089
63.1419 15.9148 -7.81482
66.4673 16.5295 -6.15098
66.383 18.1366 -2.76977
68.9698 19.9487 -0.755393
68.3542 20.7221 2.89455
69.8862 23.5059 4.96594
69.2781 22.696 8.59475

69.1004 24.9586 11.6547
70.8049 28.1665 10.5393
70.5656 31.9014 11.2451
70.2034 34.438 9.68808
67.6599 33.4707 7.07146
69.5938 34.8555 4.10208
71.3176 32.0487 2.24517

72.314 31.3145 -1.32068
71.5436 27.8925 -2.62076
73.2171 27.065 -5.88126
72.4808 24.0077 -8.02146
75.1336 22.4496 -10.244
74.6564 19.6399 -12.6923

77.829 18.1074 -14.0671
79.2319 21.4518 -12.9424
76.7796 23.414 -15.022

74.9259 25.8454 -12.9028
71.2138 25.7722 -13.0857
68.761 28.6176 -13.0871

64.9791 28.7345 -12.9916
64.4783 25.056 -12.2193
64.2891 25.1313 -8.44148

62.0017 26.3343 -5.66766
62.8473 27.0185 -2.05158
60.7949 26.6937 1.11484
61.7044 27.9401 4.55605
60.3148 26.94 7.89531
59.3024 29.4503 10.5018
61.9005 30.1912 13.1486
62.2093 27.364 15.6471
60.7675 28.0369 19.0699

63.7383 26.6048 20.9247
66.7866 27.5365 18.8042
65.3226 30.4085 16.7357

66.9373 28.9494 13.6228

65.5246 28.3958 10.1467
65.6458 25.3689 7.88816
65.3427 25.5881 4.13237
64.7739 23.1501 1.3023
65.7089 23.6791 -2.30876
64.1423 21.3306 -4.81631
65.3939 21.0214 -8.34147
62.8801 19.5202 -10.7247

64.05 17.8425 -13.9256
62.4847 15.5506 -16.4639
63.5532 11.9441 -16.1588

65.3303 12.1876 -19.473
67.2569 15.2168 -18.3484
68.1205 13.6262 -15.0309
69.5418 10.5497 -16.7199
71.5713 12.8051 -18.9702
73.9697 13.8461 -16.2348

76.1361 12.2026 -13.5679
76.6324 14.6316 -10.7829
74.2028 16.764 -8.87625
75.5381 19.2508 -6.40576

74.1248 21.8832 -4.07819
76.3971 24.7259 -3.07531
75.5005 26.7422 -0.0338643
76.7874 30.1732 0.876044

75.989 31.6304 4.27345
77.3639 34.1682 6.72782

78.1234 31.3362 9.11706
80.3074 29.4879 6.69163
83.7168 30.7655 5.67374

83.6282 29.2712 2.1891

80.7278 27.6591 0.47489
79.7246 24.1304 1.37418
78.9554 21.6517 -1.34502
77.1447 18.3668 -1.14052

76.7204 16.1613 -4.16022

76.1576 12.6356 -5.37039
76.9797 10.8516 -8.59792
73.9804 9.18497 -10.1553

74.4149 6.05378 -12.0161
75.6124 5.11581 -15.4147
78.2189 2.59585 -16.3243

End chain 2
41.105 -18.209 -30.143
39.151 -20.598 -28.01
39.504 -19.715 -24.388

37.986 -20.946 -21.166
38.514 -18.414 -18.44
37.711 -19.653 -14.962
36.948 -17.628 -11.869
39.643 -16.957 -9.28
40.641 -18.855 -6.223

38.213 -19.084 -3.373
38.293 -19.605 0.399
35.253 -21.312 1.718
34.191 -22.636 5.091
33.286 -26.194 5.623
29.605 -26.86 5.097
29.402 -23.925 2.708

28.916 -24.042 -1.046
31.029 -22.564 -3.832
30.211 -21.723 -7.427
32.95 -21.734 -10.056
32.485 -20.132 -13.446
33.907 -20.912 -16.861
33.445 -18.123 -19.324
34.032 -19.35 -22.817

34.804 -17.377 -25.929
35.996 -17.909 -29.466
33.433 -20.54 -30.394
29.724 -21.285 -30.314
29.025 -22.251 -26.724

25.985 -24.37 -27.52
27.96 -26.478 -29.989
30.254 -28.218 -27.498

29.803 -30.249 -24.317
31.595 -28.934 -21.258
33.195 -31.242 -18.712
34.679 -30.561 -15.313
37.662 -32.263 -13.696
39.054 -32.261 -10.186
42.751 -32.26 -9.343
43.668 -32.929 -5.715

46.976 -32.596 -3.895
48.058 -36 -5.207
47.623 -34.449 -8.635
45.217 -37.237 -9.401

42.639 -36.409 -12.033
38.982 -37.196 -11.675
36.053 -36.611 -14.005
33.258 -34.791 -12.173
30.637 -34.597 -14.909
29.564 -32.768 -18.042
26.719 -30.699 -19.416
25.239 -30.186 -22.847
24.852 -26.468 -23.121

22.153 -26.659 -25.717
19.831 -28.982 -23.721
21.07 -28.418 -20.203

21.305 -32.187 -19.862

24.037 -33.419 -17.584
25.945 -36.565 -16.672
27.722 -36.925 -13.37
30.293 -39.238 -11.93
28.458 -41.114 -9.218

31.076 -40.132 -6.701
30.162 -36.482 -7.392
26.369 -36.842 -7.562
25.851 -35.397 -4.099
28.687 -32.867 -4.436
28.396 -31.033 -7.726

25.819 -29.338 -9.866
26.503 -28.117 -13.374
24.581 -25.326 -15.052

24.974 -23.057 -18.032
24.007 -19.525 -18.945
23.711 -19.479 -22.714

23.365 -15.716 -22.835
26.775 -15.203 -21.225
28.248 -18.36 -22.8

29.416 -19.438 -19.374

29.264 -22.748 -17.549
29.133 -23.094 -13.794
29.8 -25.796 -11.238
28.652 -25.427 -7.715
29.881 -27.689 -4.99
27.968 -28.062 -1.747

28.604 -29.4 1.75
32.266 -28.605 1.366
34.862 -30.47 3.369
38.646 -30.456 3.266

38.471 -33.308 0.801
36.984 -30.761 -1.596
40.085 -28.612 -1.524

41.523 -29.006 -4.99

41.972 -27.415 -8.374

38.943 -27.604 -10.629
39.181 -27.503 -14.387
36.58 -26.731 -16.969
37.089 -28.363 -20.35
35.54 -28.46 -23.8
34.826 -31.698 -25.594
35.648 -31.884 -29.252
34.293 -34.332 -31.742
36.696 -35.301 -34.447

33.859 -36.29 -36.753
34.082 -39.993 -36.076
32.892 -40.91 -32.579
36.117 -39.846 -30.971
35.782 -37.57 -27.996
38.545 -35.686 -26.274
38.953 -32.641 -24.075
40.43 -30.302 -26.659
40.67 -27.169 -24.537

41.128 -26.746 -20.825
40.617 -23.812 -18.525
43.323 -22.412 -16.269
41.903 -24.118 -13.191
40.49 -22.736 -9.966
41.994 -23.518 -6.595
39.41 -23.93 -3.929
40.556 -24.198 -0.381
38.151 -25.366 2.261

39.168 -24.232 5.69
37.957 -22.648 8.902
41.004 -20.394 8.954
40.547 -16.79 7.928
42.29 -15.237 4.974

45.471 -13.329 5.571
47.193 -11.175 2.951
50.893 -11.482 2.446
53.583 -9.076 3.499
56.009 -8.37 0.699
59.619 -7.667 1.529
62.446 -6.88 -0.784
65.288 -9.281 -1.441

68.348 -7.227 -2.214
71.983 -8.036 -1.802
74.103 -6.402 0.848
76.265 -5.117 -1.922
77.398 -5.696 -5.416
79.796 -8.596 -5.125

82.989 -8.642 -7.163
81.554 -7.941 -10.622
79.902 -11.224 -11.213

78.349 -12.282 -14.425

74.943 -12.015 -12.814
73.03 -10.124 -10.121
69.924 -11.352 -8.306
66.998 -9.56 -6.708
63.594 -10.677 -5.464

60.534 -10.308 -3.276
59.635 -12.354 -0.226
55.931 -13.004 0.015
55.403 -13.965 3.609

52.632 -15.422 5.758
49.552 -15.542 3.607
46.597 -17.901 3.558
45.431 -19.58 1.565
47.203 -19.948 -1.678
47.618 -19.064 -4.397
49.566 -15.868 -4.857
50.6 -14.555 -8.248
53.751 -12.608 -8.791
54.85 -10.597 -11.798
57.781 -8.307 -12.392
57.573 -4.875 -13.975

53.904 -5.492 -14.657
54.72 -8.525 -16.762
57.399 -6.735 -18.731

60.162 -8.821 -17.186
59.665 -12.566 -17.669
63.158 -13.844 -18.356
65.267 -15.16 -15.522
62.44 -15.079 -13.029

61.86 -17.962 -10.699
58.822 -17.909 -8.471
59.196 -20.658 -5.897
56.435 -22.888 -4.81
54.901 -21.966 -1.485
55.983 -23.748 1.64
53.642 -24.37 4.517
55.136 -22.73 7.575
54.849 -24.286 11.036

52.357 -21.55 11.453
49.287 -21.999 9.454
50.712 -19.571 6.899
52.313 -19.933 3.466
55.439 -18.166 2.227
57.191 -17.888 -1.135

59.968 -15.956 -2.729
60.203 -14.728 -6.309
63.599 -13.937 -7.683
65.047 -12.628 -10.9
68.587 -12.74 -12.232
70.08 -10.355 -14.764

73.442 -10.1 -16.397
75.57 -7.595 -14.534

75.964 -5.408 -17.593
72.192 -5.229 -18.122
71.271 -4.722 -14.46
71.431 -0.929 -14.73
68.966 -0.982 -17.574

65.763 -1.135 -15.546
64.019 -0.798 -12.185
62.72 -3.94 -10.539
59.255 -4.118 -9.046

57.444 -7.214 -7.938
53.683 -7.205 -8.393
51.961 -9.504 -5.94
48.287 -10.364 -6.05
46.445 -12.352 -3.399
42.852 -12.612 -4.547

41.351 -14.167 -1.482
42.662 -11.284 0.613
41.969 -8.786 -2.122

45.527 -7.706 -1.585
47.645 -6.273 -4.321
51.045 -4.882 -3.58
53.854 -3.508 -5.649
57.272 -3.542 -4.168
60.203 -1.848 -5.776
63.441 -3.455 -4.848
65.919 -0.624 -4.568
69.084 -1.3 -6.554
71.261 0.892 -4.308

73.467 1.834 -7.212
75.013 4.98 -5.831
77.514 5.597 -3.09
78.379 8.725 -1.073
81.648 9.103 0.786
84.874 7.662 -0.504
84.629 3.92 -1.183
86.604 2.961 1.931
87.452 4.288 5.348
89.802 7.207 5.716
91.215 9.275 8.492
89.34 12.429 9.44
92.404 14.629 8.842
92.848 16.068 5.366
96.25 16.222 3.729
98.93 13.936 4.948
98.658 11.826 8.063
100.706 12.254 11.198

End chain 3
39.5935 -56.6561 -20.6865
42.2168 -55.5385 -23.1434

45.4458 -54.5551 -21.4626
47.5894 -51.8273 -22.961
51.2013 -52.0588 -21.9212
53.7496 -49.3275 -22.215
56.8027 -51.1168 -20.9654

59.0415 -48.1146 -20.818
57.5913 -45.6348 -18.3606
60.4952 -43.23 -18.5709
62.3919 -42.3838 -21.7172
65.3306 -40.0849 -21.9947
65.8547 -38.2715 -25.2754
68.0291 -35.4704 -26.5918
66.6811 -32.339 -28.2755
66.7347 -32.8871 -32.0647
66.6615 -36.6905 -31.7443

63.8525 -38.909 -32.9632
61.9405 -40.5938 -30.1806
59.637 -43.5575 -30.2491
57.163 -44.5584 -27.615
55.6218 -47.9481 -27.9125
52.4496 -49.5999 -26.6814
51.2808 -53.1689 -27.1259
47.8177 -54.6233 -26.6374
47.0027 -57.997 -25.1383

44.9398 -58.736 -28.243
44.4466 -57.3007 -31.7305
43.1812 -53.7146 -31.638
42.4788 -53.4616 -35.3477
44.1716 -50.0492 -35.3822
41.6294 -48.5138 -33.0736
44.2924 -46.7604 -31.085

44.7149 -43.1238 -30.0768
47.6291 -41.2599 -28.5076
47.3276 -38.5186 -25.9217
49.8407 -36.0952 -24.4825
49.5918 -34.814 -20.972
51.6856 -31.8673 -19.8587

52.9658 -31.5314 -16.3858
50.1661 -29.0585 -15.6823
47.794 -31.9579 -16.1323
46.2816 -30.7574 -19.3671

45.5811 -33.5081 -21.865
45.506 -33.2418 -25.644
44.7921 -35.7144 -28.4114

47.7322 -36.0888 -30.7631
46.8304 -38.999 -33.0146
43.6993 -40.9857 -33.7308
43.0835 -44.244 -35.5635
46.7543 -45.1062 -35.2078
48.1025 -42.5913 -37.6544
45.8805 -39.6239 -38.2455

47.1781 -36.3743 -36.8417
44.7539 -34.2922 -34.8848
44.4509 -30.8217 -36.3163

46.831 -28.3664 -34.7481
49.3108 -31.1211 -34.0093
52.7307 -30.6154 -35.4462
53.879 -32.8256 -38.2976

56.7332 -33.9576 -36.0611
54.2903 -36.3955 -34.5375
53.4375 -39.5777 -36.3714

51.7815 -42.8483 -35.4121
52.2862 -46.3365 -36.77
51.6161 -50.0127 -36.1542
48.8349 -52.5477 -36.5025

47.5502 -55.5855 -34.6957
49.0326 -55.5864 -31.1997
51.8903 -53.144 -31.5508

51.7059 -49.3923 -31.9821

54.2408 -46.5839 -31.7783
54.1825 -42.8178 -31.5494
57.2025 -41.2078 -33.1026
58.5322 -37.7114 -32.7463
60.6882 -36.9143 -35.7422

62.7079 -34.2802 -33.9596
62.1487 -33.4642 -30.2945
61.3629 -29.9286 -29.3055
61.3844 -28.7841 -25.729

57.6071 -28.247 -25.7893
57.362 -32.0135 -26.171
58.1063 -32.6166 -22.487

55.1031 -34.5992 -21.3265
53.7129 -38.0485 -20.6321
52.2965 -39.9183 -23.5919
49.476 -42.4127 -23.3254
48.0636 -44.9582 -25.7518
44.3356 -45.7857 -25.6462
42.3837 -48.5773 -27.3398

38.7711 -48.1795 -28.5649
38.4453 -51.6668 -30.0608
36.4689 -53.0502 -27.1446
34.8604 -51.8778 -23.9304
36.0297 -50.9859 -21.5303

38.3263 -48.491 -23.1558
41.7652 -49.0117 -21.6971
44.908 -46.8593 -21.587
48.594 -47.665 -21.4294
50.6406 -46.8587 -18.3154
52.1794 -43.8674 -20.0405
55.6821 -42.8349 -20.9788
57.2267 -39.7381 -19.4439
60.0268 -38.1121 -21.3703
63.1716 -36.8168 -19.7355
64.7892 -34.4074 -22.1511
68.5605 -34.2679 -22.3416

70.0071 -30.8436 -22.8531
73.3606 -29.1457 -22.4152
74.5591 -28.6352 -18.8703
73.5436 -25.4398 -17.1524

74.4629 -24.5042 -13.6043
71.8206 -23.2468 -11.2908
71.5667 -19.7229 -9.971
71.1906 -19.9874 -6.23499

69.2391 -17.832 -3.80063

68.5839 -18.0911 -0.0723653
65.5776 -16.761 1.8556
65.2478 -16.3125 5.59052
62.1096 -16.9547 7.53942
59.678 -14.0737 7.86186
58.8604 -12.6986 11.2726

55.2395 -13.3223 10.4447
56.0634 -17.0285 10.3784
58.4778 -16.8571 13.3208
55.8096 -15.4849 15.5838
53.9862 -18.8116 15.2793

56.9615 -20.7801 16.5358
58.3866 -22.334 13.3918

61.0883 -21.1328 11.0119
61.4287 -22.1363 7.39303
64.61 -21.3361 5.4907
64.4995 -21.7705 1.7421
67.2268 -22.3204 -0.825161
66.3569 -21.9891 -4.49856
68.2566 -23.5594 -7.37953
66.9885 -22.0146 -10.5631

67 -23.2568 -14.1614
69.6439 -25.9738 -14.169
70.3195 -29.2263 -16.0096
70.8679 -32.088 -15.2742
68.5177 -32.8014 -12.3942
71.1152 -34.2668 -10.054
72.2508 -31.6988 -7.51801

73.4958 -31.7431 -3.95737
72.116 -29.1586 -1.62618
73.9157 -28.7479 1.6503
72.6462 -26.7089 4.64553

74.9054 -25.4762 7.40902
74.1248 -23.4436 10.4124

77.0627 -21.8709 12.1396
79.2596 -24.087 10.0191
77.5124 -27.2264 11.1638

76.2602 -29.5811 8.50051
72.5849 -30.2668 8.97304
70.8403 -33.5109 8.21122

67.2589 -34.7732 8.34719
65.826 -31.2531 8.73228
65.226 -30.3328 5.08267

62.8379 -31.3133 2.31605
63.3925 -30.9007 -1.40032
60.9254 -30.1709 -4.23667
61.656 -30.1737 -7.9342
59.6629 -28.6688 -10.7529
58.9569 -30.4941 -13.9773
61.3315 -29.6681 -16.7722
60.6562 -26.3254 -18.4376
58.8908 -26.4323 -21.7772

61.1182 -23.8001 -23.3456
64.412 -24.2532 -21.4738
64.172 -27.9335 -20.483

65.7565 -27.0075 -17.1572

64.6711 -27.8568 -13.634
64.2743 -25.7057 -10.5576
64.7806 -27.0136 -7.03593
63.7583 -25.8153 -3.59338
65.2993 -26.9787 -0.333706
63.4801 -25.9926 2.81209
65.1018 -26.2889 6.1882
62.615 -26.2066 8.99563

63.5102 -25.4894 12.5961
61.738 -24.4478 15.7593
61.8877 -20.7632 16.5494

64.0922 -21.4753 19.5028
66.5518 -23.4035 17.4292
66.5164 -20.7453 14.7326
67.3194 -17.9868 17.2144
70.1306 -20.1387 18.5703
72.2665 -19.6861 15.4615

73.576 -16.714 13.4881
74.6541 -18.0251 10.1025
72.5921 -19.9982 7.64263
73.8232 -21.1034 4.32929

73.2336 -23.4368 1.47771
76.0277 -24.8885 -0.556794
75.1706 -26.3045 -3.91756
77.1857 -28.7963 -5.90599

76.3474 -29.4021 -9.54462
77.9668 -30.5767 -12.7628

77.6535 -27.0424 -14.1021
79.6855 -25.5442 -11.2712
83.3983 -26.1328 -10.9827

83.2546 -25.5271 -7.26099

80.338 -25.4145 -4.93213
78.4182 -22.188 -4.67602
77.2648 -20.952 -1.29851
74.5432 -18.4812 -0.438498

74.4442 -17.2084 3.08765

72.7166 -14.9052 5.49656
73.3187 -13.7708 9.05374
70.4381 -13.5177 11.4094
71.1003 -9.82046 12.0262

72.49 -9.57666 15.5065
75.1132 -6.94293 16.067

End chain 4
