36.7312 19.4438 32.825
34.8877 21.4136 30.2073
35.3662 20.2907 26.6556

33.9503 21.5871 23.4271
34.4902 19.088 20.6924
33.829 20.167 17.1799
32.9596 18.1268 14.1279
35.6842 17.3161 11.6128
36.7406 19.1446 8.53747

34.378 19.4698 5.59255
34.8041 19.9615 1.90112
31.6778 21.4509 0.460114
30.5906 22.7304 -2.93863
29.7644 26.2957 -3.58798
26.0882 27.0507 -3.16318
25.8011 24.1632 -0.73098

25.2794 24.3899 3.00728
27.2433 22.8063 5.83014
26.4396 22.3599 9.45712
29.0885 22.1251 12.1463
28.5261 20.6493 15.5599
29.9528 21.4011 18.9586
29.3448 18.7718 21.5379
29.9529 20.0698 24.9909

30.6405 18.1908 28.1775
31.7773 18.8053 31.7211
29.2024 21.4542 32.5672
25.5029 22.209 32.3543
24.8971 23.1497 28.7382

21.7749 25.2086 29.4105
23.7119 27.4133 31.8286
26.1004 29.0443 29.3597

25.7502 31.0323 26.1559
27.5319 29.6003 23.1381
29.2692 31.8726 20.6398
30.7883 31.0945 17.2675
33.8299 32.7346 15.6946
35.2774 32.5895 12.2027
38.9249 32.8364 11.3553
39.9926 33.1327 7.75955

43.3498 32.7766 6.02652
44.4591 36.1889 7.29408
43.8604 34.7119 10.7231
41.4946 37.5588 11.3805

38.8754 36.828 14.0203
35.2093 37.6142 13.564
32.2726 37.1107 15.8866

29.4854 35.4248 13.9592
26.8285 35.121 16.6534

25.6786 33.3543 19.7976
22.7164 31.4485 21.1886
21.2022 30.9697 24.5835
20.7712 27.2844 24.919

17.9895 27.5068 27.4444
15.623 29.5976 25.3111
17.1219 29.2253 21.8379

17.3122 32.9877 21.4074

20.0852 34.1096 19.1401
22.0925 37.2068 18.3307
23.9428 37.486 15.0516
26.5512 39.7628 13.6281
24.7691 41.5531 10.8249

27.474 40.5412 8.41173
26.5227 36.9067 9.14849
22.7369 37.3136 9.22033
22.255 35.7727 5.78665
25.0898 33.2551 6.22199
24.69 31.4952 9.54754

22.0334 29.798 11.6265
22.6734 28.6682 15.1781
20.6817 25.934 16.8837

21.0145 23.7014 19.9025
20.0053 20.194 20.8891
19.5506 20.2535 24.6458

19.2832 16.4952 24.9699
22.6642 16.0624 23.2573
24.1954 19.1142 24.9184

25.3617 20.0953 21.4626

25.2788 23.3694 19.5555
25.1765 23.6087 15.7899
26.0022 26.2686 13.2494
24.9308 25.8732 9.69324
26.1892 28.0305 6.88085
24.3057 28.4529 3.6332

25.0504 29.684 0.11797
28.6868 28.7955 0.54938
31.3421 30.7153 -1.31729
35.1294 30.5657 -1.26271

34.9187 33.4825 1.12437
33.3666 31.0094 3.5539
36.4589 28.8279 3.62763

37.8373 29.2801 7.10437

38.1974 27.7649 10.5312

35.1177 28.0155 12.7118
35.2475 27.9199 16.4742
32.5476 27.3533 19.0074
33.0663 28.9377 22.3595
31.5836 29.1888 25.8701
30.7848 32.5003 27.4188
31.2429 32.8768 31.1534
30.0358 35.4718 33.5363
32.5261 36.2045 36.2419

29.7268 37.3399 38.5162
30.5217 40.9339 37.7759
28.9623 42.1924 34.4979
31.9529 40.8917 32.6432
31.7025 38.4377 29.8193
34.502 36.47 28.2859
34.9353 33.4451 26.1014
36.4304 31.0177 28.6382
36.6142 27.889 26.5954

37.1188 27.3547 22.9128
36.6113 24.3691 20.6687
39.3519 22.8902 18.4724
37.9943 24.6045 15.416
36.6518 23.1055 12.2101
38.2048 23.813 8.84891
35.69 24.2356 6.09004
36.9253 24.3834 2.54398
34.5403 25.4775 -0.155114

35.6138 24.2235 -3.54346
34.408 22.6195 -6.73137
37.4486 20.3534 -6.66231
36.9321 16.7704 -5.57852
38.6307 15.2753 -2.57125

41.5978 13.0308 -2.93517
43.391 11.102 -0.221241
47.0657 11.3754 0.36077
49.739 8.926 -0.623993
52.1167 8.26831 2.23575
55.7388 7.49936 1.51628
58.5177 6.7237 3.88249
61.364 9.12065 4.50379

64.4332 7.12375 5.40475
68.0706 7.88256 4.93107
70.0723 5.87564 2.51905
72.3232 4.90446 5.3518
73.3975 5.59107 8.91348
77.0149 4.5367 8.29638
79.2499 6.27621 10.7975
76.5229 7.43468 13.0634
75.8803 11.0056 13.9877
74.4413 12.191 17.2417
70.9209 12.0391 15.8857
68.9841 10.1574 13.2322
65.8778 11.3362 11.4274
63.0276 9.6287 9.60858
59.5914 10.6713 8.48116

56.6161 10.2789 6.20601
55.7729 12.2519 3.11248
52.0701 12.9244 2.80963
51.5656 13.8122 -0.795428

48.9155 15.013 -3.18953
45.8468 15.4766 -1.0073
42.8953 17.8562 -1.06382
41.5324 19.5228 0.863358
43.3922 20.0183 4.04681
43.7918 19.2006 6.7969
45.6444 15.9759 7.46242
46.6485 14.7645 10.9041
49.7723 12.8057 11.5608
50.8061 10.8876 14.6501
53.6752 8.54259 15.3536
53.4326 5.16733 17.0439

49.7601 5.8379 17.613
50.5726 8.90657 19.6739
53.22 7.14758 21.7163

56.0167 9.19805 20.2057
55.5347 12.9559 20.4895
59.0323 14.2391 21.2085
61.2315 15.47 18.3947
58.3728 15.3146 15.9312

57.8786 18.1274 13.463
54.8901 18.0575 11.1583
55.3364 20.7361 8.52701
52.5923 22.938 7.32699
51.1273 21.8966 4.00815
52.2748 23.5888 0.845809
49.9837 24.0907 -2.0835
51.5602 22.5575 -5.15614
51.2402 24.2778 -8.52459

48.8606 21.4554 -8.96507
45.7359 21.9207 -7.01492
46.9668 19.4441 -4.43916
48.5921 19.743 -0.984377
51.7453 18.0385 0.275563
53.2658 17.7784 3.7311

56.0293 15.8996 5.51936
56.2646 14.8178 9.13799
59.6341 13.9563 10.5888
61.0402 12.7756 13.8732
64.5618 12.8866 15.1972
65.978 10.6057 17.875

69.3137 10.3398 19.5559
71.4333 7.75462 17.8131

71.7997 5.67049 20.9427
68.014 5.49017 21.3659
67.1237 4.85865 17.7268
67.2404 1.04833 18.0136
64.7911 1.12753 20.9043

61.6126 1.41022 18.8104
59.8607 0.989254 15.4978
58.6176 4.11577 13.7964
55.2529 4.21756 12.1383

53.3556 7.30743 11.0773
49.5921 7.37787 11.3413
47.9677 9.63285 8.77682
44.3123 10.6218 8.81972

42.5256 12.4938 6.03934
38.9037 12.9188 7.07787

37.472 14.3269 3.9082
38.7633 11.3636 1.94441
38.0868 9.00313 4.83273

41.6419 7.79258 4.37972
43.6285 6.31834 7.22614
47.0395 4.94262 6.55492
49.8471 3.5784 8.64772
53.3208 3.5964 7.23207
56.1645 1.92455 9.00929
59.4642 3.452 8.13892
61.9391 0.597406 7.88872
65.0695 1.19047 9.97915
67.2183 -1.00745 7.7466

69.3596 -1.9027 10.7246
70.7895 -5.14778 9.33472
73.316 -5.96493 6.64443
74.7117 -9.19075 4.97832
78.1071 -10.2966 3.55349
79.0893 -6.72229 2.90284
80.3483 -5.12397 -0.285235
82.5888 -2.30206 1.16843

86.2208 -2.47483 0.217566
89.1465 -1.43666 2.37711
90.4314 2.09111 2.25793
93.9657 2.60687 1.04449

96.7465 2.13048 3.53404
100.114 3.61698 2.61582
103.333 1.68239 2.81232
106.038 0.316574 0.643437
105.274 -2.44853 -1.7687
107.211 -5.60172 -2.37425

End chain 1
29.0428 53.0389 13.3081
32.0048 53.5072 15.6038

35.292 52.9929 13.8645
38.1903 51.7228 15.9056
41.5939 52.501 14.5143
44.8884 51.0092 15.3688
47.2059 52.9804 13.1762

50.2387 50.8411 13.7356
49.5155 47.4447 12.2645
53.0256 46.173 12.8509
55.0937 46.9441 15.9072
58.6304 45.8475 16.5283
59.6758 45.3127 20.1383
62.6572 43.8822 21.9959
62.3399 41.2219 24.6304
62.1145 42.7558 28.0827
61.0086 46.0362 26.579

57.772 47.8296 27.4044
55.3654 47.7707 24.5252
52.3504 49.9461 23.9828
49.5656 49.2447 21.5238
47.1511 52.0585 20.8284
43.5586 52.1684 19.6572
41.3955 55.2308 19.0211
37.6447 55.4114 18.5639
35.8665 57.7827 16.2105

33.6118 58.756 19.1065
33.7908 58.4805 22.8934
33.3504 54.8689 24.0317
33.1688 55.6734 27.7401
35.7175 53.008 28.6401
33.6891 50.2185 27.1276
36.7447 48.7116 25.5204

38.1945 45.2149 25.5829
41.507 43.8693 24.3159
42.0481 40.4849 22.7137
45.1645 38.5401 21.8309
45.2236 36.2583 18.8458
48.1882 34.0356 18.3747

49.3961 32.6483 15.1339
47.3664 29.4726 15.6705
44.3364 31.6481 15.2731
43.3653 31.097 18.8812

41.8697 34.1644 20.5596
41.9353 35.0751 24.2307
40.517 38.0047 26.1641

43.2233 39.9223 27.9964
41.5091 43.0144 29.3551
37.9351 44.1628 29.8136
36.4124 47.5408 30.6347
39.6984 49.1014 29.5663
41.5705 48.309 32.8028
40.4739 44.9719 34.1843

42.676 41.9478 33.702
40.9851 38.7447 32.7313
41.7431 35.9982 35.1821

44.762 34.0038 34.151
46.3515 36.9166 32.3455
49.7494 37.8648 33.5412
50.1767 41.1146 35.4326

52.5405 42.3455 32.7612
49.4569 43.2439 30.7522
47.6875 46.4588 31.6454

45.0993 48.6558 29.9542
44.5923 52.3916 30.1201
42.7979 55.3257 28.5295
39.3956 56.9656 28.4128
37.2547 58.813 25.9388
38.521 58.0152 22.448
42.0284 56.7954 23.1918
43.0347 53.5127 24.7828

46.281 51.6079 25.1516
47.3546 48.089 26.0061
50.7474 47.952 27.6497
53.0524 45.0704 28.2663
55.4507 45.9451 31.029

58.1329 43.5342 29.9892
57.7379 41.643 26.7691
58.0782 37.8806 26.8038
58.4529 35.618 23.8166

55.0102 34.0608 24.4034
53.5934 37.5321 23.7557
54.0722 37.1403 20.0038

50.5788 37.6986 18.6434
48.189 40.2146 17.139
46.3082 42.4269 19.5522
42.8598 43.8059 18.85
40.7372 46.4023 20.618
36.9436 46.1295 20.6157
34.2943 48.6321 21.707
30.9714 47.6488 23.3124

29.6636 51.2042 23.7135
27.2981 50.9506 20.7787
26.0263 48.3764 18.3371
27.3985 47.1368 16.1387

30.3952 46.0989 18.1513
33.4996 47.0146 16.192
37.1422 45.9514 16.4077
40.399 47.6896 15.6067
42.5347 46.5599 12.6546
44.9417 44.8419 15.0137
48.611 45.202 15.8097
50.9633 42.3396 15.2075
54.2166 42.2931 17.0903
57.5625 41.5541 15.5046
59.8188 40.5226 18.3194
63.4512 41.3745 18.0453

65.9933 39.108 19.6071
69.6551 38.316 19.0982
70.8191 37.1331 15.7137

70.8235 33.3982 15.1845
71.9099 31.6423 12.0133
69.7521 29.0015 10.4831
70.5682 25.3203 10.3941
69.9801 24.2474 6.8588

68.7655 20.9577 5.39244

68.0232 19.7874 1.86397
65.557 17.0702 0.836882
65.3422 15.3404 -2.51383
62.0948 14.46 -4.18167
60.669 11.0604 -3.36816
60.2044 8.40934 -6.0189

56.5921 8.34845 -4.98678
56.262 11.9168 -6.208
58.5555 11.4827 -9.21245
56.4486 8.79034 -10.7777
53.668 11.3569 -11.1632

55.8668 13.5718 -13.2953
56.8202 16.3742 -10.9405

59.7904 16.7983 -8.62534
59.8708 19.0134 -5.56896
63.1475 19.739 -3.85404
62.959 21.4049 -0.505617
65.462 23.3157 1.52335
64.7572 24.1402 5.14587
66.1814 26.9978 7.19367
65.5225 26.2394 10.8248

65.2312 28.5523 13.8381
66.8795 31.7799 12.6955
66.537 35.5201 13.3268
66.1444 38.0184 11.7162
63.6762 36.9421 9.07023
65.6336 38.3193 6.11278
67.46 35.5219 4.34163

68.5429 34.7474 0.809667
67.8802 31.2846 -0.440728
69.6361 30.4389 -3.65285
69.0151 27.3261 -5.74922
71.7472 25.7929 -7.89151
71.3852 22.9284 -10.2957

74.6198 21.4488 -11.5811
75.9199 24.8462 -10.4926
73.4621 26.71 -12.6546

71.5098 29.1337 -10.6167
67.8048 28.9668 -10.8687
65.2849 31.7512 -10.9697

61.5002 31.7776 -10.9482
61.0729 28.1027 -10.1171
60.8085 28.2422 -6.34559

58.4394 29.4394 -3.63863
59.1979 30.2097 -0.0205469
57.0928 29.8926 3.11184
57.9051 31.2232 6.54585
56.4753 30.2505 9.8762
55.3525 32.7824 12.4157
57.8801 33.6344 15.0971
58.208 30.8615 17.6533
56.6843 31.5612 21.0349

59.652 30.2359 22.9722
62.7177 31.2027 20.8929
61.2256 34.0002 18.7438

62.9351 32.5245 15.6899

61.6039 31.8734 12.1986
61.8416 28.8098 9.99959
61.6063 28.9531 6.23528
61.1513 26.451 3.44091
62.1433 26.9368 -0.160996
60.6826 24.5056 -2.65357
62.0095 24.1629 -6.14795
59.5792 22.5578 -8.55003

60.8509 20.8511 -11.6963
59.3908 18.4759 -14.2206
60.5393 14.9027 -13.828

62.3741 15.129 -17.1119
64.2053 18.2242 -16.0076
65.0422 16.7157 -12.6452
66.5694 13.6445 -14.2492
68.5875 15.9074 -16.5023
70.9067 17.056 -13.7418

73.0597 15.5146 -11.004
73.4433 18.0052 -8.25588
70.9267 20.1121 -6.43585
72.1537 22.6752 -3.98729

70.6326 25.3144 -1.7365
72.8161 28.2294 -0.743872
71.8125 30.2782 2.24184
72.9988 33.7555 3.11184

72.0998 35.2545 6.46569
73.3655 37.8692 8.89794

74.1462 35.1005 11.3536
76.4206 33.2621 9.00498
79.8175 34.6036 8.02834

79.8325 33.0444 4.57115

77.0055 31.3313 2.83255
76.07 27.7961 3.77833
75.4134 25.2504 1.09174
73.6784 21.9266 1.32309

73.366 19.6568 -1.66244

72.9115 16.0971 -2.81708
73.8388 14.2752 -5.99457
70.9111 12.5079 -7.57722

71.4567 9.35492 -9.37071
72.7422 8.3847 -12.7279
75.4255 5.91282 -13.5407

End chain 2
34.9953 -20.6443 -32.0926
33.3555 -23.2473 -29.9453
33.9299 -22.5104 -26.319

32.7378 -23.9811 -23.0607
33.3197 -21.5482 -20.2566
32.8593 -22.9934 -16.7959
32.2145 -21.1644 -13.5574
35.0539 -20.4433 -11.142
36.3932 -22.4122 -8.26569

34.2073 -22.9246 -5.26083
34.6052 -23.6115 -1.53583
31.7818 -25.5661 -0.0855675
31.0606 -27.1076 3.28513
30.4127 -30.7363 3.70206
26.7487 -31.6092 3.41395
26.1895 -28.5867 1.19706

25.427 -28.5623 -2.51243
27.2298 -26.8276 -5.3676
26.0917 -25.8765 -8.84618
28.6183 -25.5938 -11.6658
27.8018 -23.871 -14.9277
29.0037 -24.4024 -18.4725
28.1898 -21.5384 -20.7515
28.5814 -22.5647 -24.3354

28.9951 -20.4065 -27.3923
29.9439 -20.6995 -31.0293
27.4793 -23.4423 -31.8986
23.8383 -24.4234 -31.585
23.4736 -25.5949 -28.0067

20.5137 -27.8634 -28.6838
22.4173 -29.727 -31.3937
24.994 -31.4305 -29.1681

24.9086 -33.6294 -26.0689
26.8466 -32.345 -23.0869
28.7707 -34.6612 -20.7843
30.4658 -34.0439 -17.473
33.6595 -35.6259 -16.1664
35.3121 -35.6964 -12.772
39.0559 -35.5 -12.2028
40.2848 -36.2749 -8.68998

43.6959 -35.8169 -7.10246
44.8762 -39.082 -8.65987
44.0896 -37.4064 -11.9644
41.803 -40.3031 -12.6917

38.9873 -39.5203 -15.083
35.4217 -40.5527 -14.4984
32.2941 -40.0483 -16.5754
29.5431 -38.4946 -14.4545
26.7145 -38.3418 -16.9781
25.2988 -36.443 -19.9281
22.239 -34.4975 -20.9843
20.4741 -33.9227 -24.2676
19.8462 -30.228 -24.325

16.9736 -30.4704 -26.7228
14.9531 -33.0246 -24.6818
16.4205 -32.5449 -21.24

16.9053 -36.3031 -21.1073

19.8714 -37.4627 -19.1003
22.0277 -40.5201 -18.4899
24.0693 -40.9176 -15.3492
26.8759 -43.1267 -14.2195
25.368 -45.2372 -11.4784

28.1067 -44.2077 -9.11344
26.9265 -40.5951 -9.55101
23.1599 -41.1863 -9.46093
22.8217 -39.9369 -5.90094
25.4677 -37.2197 -6.31671
24.8181 -35.2592 -9.48005

21.9891 -33.6346 -11.3377
22.3299 -32.2135 -14.8204
20.1226 -29.4759 -16.2105

20.1514 -27.0526 -19.0932
18.9086 -23.5508 -19.754
18.3243 -23.3512 -23.4841

17.7461 -19.616 -23.3898
21.2321 -18.9625 -22.0099
22.7667 -21.9445 -23.8454

24.2544 -23.1021 -20.5727

24.4397 -26.4951 -18.9105
24.6158 -27.0202 -15.1782
25.6356 -29.7887 -12.8172
24.7392 -29.6546 -9.2055
26.3049 -31.9566 -6.69512
24.67 -32.598 -3.34375

25.6491 -34.0516 0.0255086
29.2173 -33.0097 -0.584894
32.0649 -34.7964 1.12631
35.8225 -34.5383 0.747535

35.6309 -37.2798 -1.83855
33.8163 -34.725 -3.98899
36.78 -32.3896 -4.03596

37.9709 -32.5328 -7.61332

38.0652 -30.7634 -10.9367

34.89 -31.0404 -12.9706
34.8347 -30.7527 -16.7261
32.0032 -30.0295 -19.0687
32.3498 -31.4696 -22.5558
30.5512 -31.5064 -25.8837
29.8973 -34.6977 -27.7814
30.448 -34.6637 -31.4945
29.0559 -37.076 -33.9988
31.2995 -37.7662 -36.9177

28.3593 -38.8262 -39.0568
28.8538 -42.5348 -38.5853
27.9904 -43.6843 -35.0612
31.2592 -42.493 -33.642
31.0164 -40.3813 -30.5396
33.7851 -38.407 -28.9317
34.1768 -35.4461 -26.6179
35.3106 -32.9025 -29.182
35.524 -29.861 -26.9281

36.2372 -29.5802 -23.243
35.7286 -26.7927 -20.7669
38.5101 -25.329 -18.6474
37.4329 -27.2605 -15.5635
36.1896 -26.1197 -12.1783
37.9899 -26.9583 -8.97006
35.6456 -27.6546 -6.14627
37.0723 -28.0116 -2.70965
34.9495 -29.4491 0.0390671

36.1551 -28.4111 3.43721
35.0998 -27.0556 6.80489
38.0019 -24.618 6.74724
37.2538 -21.007 5.94024
38.671 -19.2133 2.94859

41.7687 -17.1371 3.40656
43.1546 -14.7608 0.77939
46.8171 -14.8096 -0.00981363
49.431 -12.2889 0.963359
51.5903 -11.3034 -1.96753
55.2046 -10.4121 -1.36956
57.7953 -9.34271 -3.84065
60.7173 -11.5265 -4.82392

63.5814 -9.2497 -5.71433
67.2791 -9.84504 -5.61069
69.4933 -8.20312 -3.044
71.3576 -6.65847 -5.89653
72.2538 -7.00412 -9.48878
74.8358 -9.75681 -9.52045

77.8614 -9.50734 -11.7864
76.128 -8.74103 -15.0914
74.6347 -12.0915 -15.7245

72.9076 -13.0976 -18.8634

69.6243 -13.1207 -16.9961
67.8124 -11.4797 -14.0786
64.9324 -12.9836 -12.1053
62.0349 -11.4554 -10.2093
58.8082 -12.8413 -8.77737

55.9071 -12.7672 -6.35553
55.3667 -15.0034 -3.35484
51.7372 -15.8969 -2.8765
51.5427 -17.0528 0.693533

49.0353 -18.7791 2.96342
45.8131 -18.9952 1.04025
43.009 -21.5318 1.08887
41.797 -23.1882 -0.895488
43.3357 -23.2946 -4.27386
43.489 -22.2626 -6.96796
45.2021 -18.932 -7.40773
45.8947 -17.4024 -10.7949
48.8733 -15.2371 -11.4682
49.6182 -13.0251 -14.4425
52.3536 -10.5294 -15.1333
51.8212 -7.04865 -16.522

48.1543 -7.86475 -16.9639
48.9872 -10.7405 -19.273
51.3969 -8.69635 -21.3401

54.3891 -10.6718 -20.1084
54.0812 -14.4147 -20.7418
57.5818 -15.4363 -21.746
59.9752 -16.7445 -19.1438
57.3464 -16.9568 -16.4497

57.1186 -19.9743 -14.2317
54.2613 -20.2156 -11.7875
54.9936 -23.0504 -9.3895
52.4615 -25.498 -8.21707
51.1328 -24.8281 -4.74654
52.554 -26.6791 -1.80281
50.4801 -27.579 1.20279
52.1021 -25.9894 4.22198
52.1728 -27.7172 7.61193

49.5609 -25.1663 8.34742
46.3799 -25.7168 6.55835
47.4588 -23.0891 4.03146
48.8125 -23.1916 0.476646
51.7241 -21.1755 -0.897205
53.1953 -20.6336 -4.36011

55.7226 -18.4588 -6.05371
55.6106 -17.0559 -9.57491
58.8388 -15.9895 -11.1521
59.957 -14.4457 -14.3965
63.3857 -14.2723 -15.9879
64.5365 -11.6843 -18.499

67.7432 -11.1426 -20.3587
69.8535 -8.59579 -18.5326

69.8822 -6.25056 -21.4982
66.077 -6.28662 -21.7401
65.4088 -6.00702 -17.9997
65.3211 -2.20312 -18.0893
62.6543 -2.28183 -20.7443

59.6299 -2.72987 -18.4977
58.1299 -2.65806 -15.0054
57.1498 -5.94799 -13.4291
53.8254 -6.41305 -11.6974

52.292 -9.6649 -10.6172
48.5135 -9.87313 -10.7947
47.1235 -12.3863 -8.3412
43.5097 -13.4712 -8.22524
41.9969 -15.691 -5.55005
38.3488 -16.1251 -6.4437

37.181 -17.9106 -3.35929
38.4733 -15.0493 -1.22331
37.4262 -12.4776 -3.77099

40.944 -11.2003 -3.44207
42.7582 -9.51243 -6.25007
46.1156 -7.94441 -5.69073
48.6719 -6.30216 -7.8879
52.1887 -6.18751 -6.66457
54.8824 -4.23961 -8.39537
58.2718 -5.67925 -7.7889
60.5905 -2.71288 -7.54876
63.6298 -3.09564 -9.79254
65.8367 -0.875328 -7.60432

67.7551 0.336286 -10.6108
69.2112 3.50733 -9.18997
71.8723 4.1553 -6.61174
72.7001 7.2362 -4.50847
76.0728 7.73487 -2.87699
79.2714 6.56146 -4.47051
79.1992 2.84645 -5.31735
81.4593 1.87288 -2.40848
82.4843 3.09314 0.999794
84.677 6.13511 1.34139
86.1713 8.1592 4.10717
84.189 11.1415 5.34746
87.0618 13.5561 4.63842
87.1532 15.1778 1.21614
90.4054 15.6216 -0.655567
93.3021 13.4564 0.247386
93.3945 11.1931 3.26371
95.646 11.6059 6.25802

End chain 3
39.5935 -56.6561 -20.6865
42.2168 -55.5385 -23.1434

45.4458 -54.5551 -21.4626
47.5894 -51.8273 -22.961
51.2013 -52.0588 -21.9212
53.7496 -49.3275 -22.215
56.8027 -51.1168 -20.9654

59.0415 -48.1146 -20.818
57.5913 -45.6348 -18.3606
60.4952 -43.23 -18.5709
62.3919 -42.3838 -21.7172
65.3306 -40.0849 -21.9947
65.8547 -38.2715 -25.2754
68.0291 -35.4704 -26.5918
66.6811 -32.339 -28.2755
66.7347 -32.8871 -32.0647
66.6615 -36.6905 -31.7443

63.8525 -38.909 -32.9632
61.9405 -40.5938 -30.1806
59.637 -43.5575 -30.2491
57.163 -44.5584 -27.615
55.6218 -47.9481 -27.9125
52.4496 -49.5999 -26.6814
51.2808 -53.1689 -27.1259
47.8177 -54.6233 -26.6374
47.0027 -57.997 -25.1383

44.9398 -58.736 -28.243
44.4466 -57.3007 -31.7305
43.1812 -53.7146 -31.638
42.4788 -53.4616 -35.3477
44.1716 -50.0492 -35.3822
41.6294 -48.5138 -33.0736
44.2924 -46.7604 -31.085

44.7149 -43.1238 -30.0768
47.6291 -41.2599 -28.5076
47.3276 -38.5186 -25.9217
49.8407 -36.0952 -24.4825
49.5918 -34.814 -20.972
51.6856 -31.8673 -19.8587

52.9658 -31.5314 -16.3858
50.1661 -29.0585 -15.6823
47.794 -31.9579 -16.1323
46.2816 -30.7574 -19.3671

45.5811 -33.5081 -21.865
45.506 -33.2418 -25.644
44.7921 -35.7144 -28.4114

47.7322 -36.0888 -30.7631
46.8304 -38.999 -33.0146
43.6993 -40.9857 -33.7308
43.0835 -44.244 -35.5635
46.7543 -45.1062 -35.2078
48.1025 -42.5913 -37.6544
45.8805 -39.6239 -38.2455

47.1781 -36.3743 -36.8417
44.7539 -34.2922 -34.8848
44.4509 -30.8217 -36.3163

46.831 -28.3664 -34.7481
49.3108 -31.1211 -34.0093
52.7307 -30.6154 -35.4462
53.879 -32.8256 -38.2976

56.7332 -33.9576 -36.0611
54.2903 -36.3955 -34.5375
53.4375 -39.5777 -36.3714

51.7815 -42.8483 -35.4121
52.2862 -46.3365 -36.77
51.6161 -50.0127 -36.1542
48.8349 -52.5477 -36.5025

47.5502 -55.5855 -34.6957
49.0326 -55.5864 -31.1997
51.8903 -53.144 -31.5508

51.7059 -49.3923 -31.9821

54.2408 -46.5839 -31.7783
54.1825 -42.8178 -31.5494
57.2025 -41.2078 -33.1026
58.5322 -37.7114 -32.7463
60.6882 -36.9143 -35.7422

62.7079 -34.2802 -33.9596
62.1487 -33.4642 -30.2945
61.3629 -29.9286 -29.3055
61.3844 -28.7841 -25.729

57.6071 -28.247 -25.7893
57.362 -32.0135 -26.171
58.1063 -32.6166 -22.487

55.1031 -34.5992 -21.3265
53.7129 -38.0485 -20.6321
52.2965 -39.9183 -23.5919
49.476 -42.4127 -23.3254
48.0636 -44.9582 -25.7518
44.3356 -45.7857 -25.6462
42.3837 -48.5773 -27.3398

38.7711 -48.1795 -28.5649
38.4453 -51.6668 -30.0608
36.4689 -53.0502 -27.1446
34.8604 -51.8778 -23.9304
36.0297 -50.9859 -21.5303

38.3263 -48.491 -23.1558
41.7652 -49.0117 -21.6971
44.908 -46.8593 -21.587
48.594 -47.665 -21.4294
50.6406 -46.8587 -18.3154
52.1794 -43.8674 -20.0405
55.6821 -42.8349 -20.9788
57.2267 -39.7381 -19.4439
60.0268 -38.1121 -21.3703
63.1716 -36.8168 -19.7355
64.7892 -34.4074 -22.1511
68.5605 -34.2679 -22.3416

70.0071 -30.8436 -22.8531
73.3606 -29.1457 -22.4152
74.5591 -28.6352 -18.8703
73.5436 -25.4398 -17.1524

74.4629 -24.5042 -13.6043
71.8206 -23.2468 -11.2908
71.5667 -19.7229 -9.971
71.1906 -19.9874 -6.23499

69.2391 -17.832 -3.80063

68.5839 -18.0911 -0.0723653
65.5776 -16.761 1.8556
65.2478 -16.3125 5.59052
62.1096 -16.9547 7.53942
59.678 -14.0737 7.86186
58.8604 -12.6986 11.2726

55.2395 -13.3223 10.4447
56.0634 -17.0285 10.3784
58.4778 -16.8571 13.3208
55.8096 -15.4849 15.5838
53.9862 -18.8116 15.2793

56.9615 -20.7801 16.5358
58.3866 -22.334 13.3918

61.0883 -21.1328 11.0119
61.4287 -22.1363 7.39303
64.61 -21.3361 5.4907
64.4995 -21.7705 1.7421
67.2268 -22.3204 -0.825161
66.3569 -21.9891 -4.49856
68.2566 -23.5594 -7.37953
66.9885 -22.0146 -10.5631

67 -23.2568 -14.1614
69.6439 -25.9738 -14.169
70.3195 -29.2263 -16.0096
70.8679 -32.088 -15.2742
68.5177 -32.8014 -12.3942
71.1152 -34.2668 -10.054
72.2508 -31.6988 -7.51801

73.4958 -31.7431 -3.95737
72.116 -29.1586 -1.62618
73.9157 -28.7479 1.6503
72.6462 -26.7089 4.64553

74.9054 -25.4762 7.40902
74.1248 -23.4436 10.4124

77.0627 -21.8709 12.1396
79.2596 -24.087 10.0191
77.5124 -27.2264 11.1638

76.2602 -29.5811 8.50051
72.5849 -30.2668 8.97304
70.8403 -33.5109 8.21122

67.2589 -34.7732 8.34719
65.826 -31.2531 8.73228
65.226 -30.3328 5.08267

62.8379 -31.3133 2.31605
63.3925 -30.9007 -1.40032
60.9254 -30.1709 -4.23667
61.656 -30.1737 -7.9342
59.6629 -28.6688 -10.7529
58.9569 -30.4941 -13.9773
61.3315 -29.6681 -16.7722
60.6562 -26.3254 -18.4376
58.8908 -26.4323 -21.7772

61.1182 -23.8001 -23.3456
64.412 -24.2532 -21.4738
64.172 -27.9335 -20.483

65.7565 -27.0075 -17.1572

64.6711 -27.8568 -13.634
64.2743 -25.7057 -10.5576
64.7806 -27.0136 -7.03593
63.7583 -25.8153 -3.59338
65.2993 -26.9787 -0.333706
63.4801 -25.9926 2.81209
65.1018 -26.2889 6.1882
62.615 -26.2066 8.99563

63.5102 -25.4894 12.5961
61.738 -24.4478 15.7593
61.8877 -20.7632 16.5494

64.0922 -21.4753 19.5028
66.5518 -23.4035 17.4292
66.5164 -20.7453 14.7326
67.3194 -17.9868 17.2144
70.1306 -20.1387 18.5703
72.2665 -19.6861 15.4615

73.576 -16.714 13.4881
74.6541 -18.0251 10.1025
72.5921 -19.9982 7.64263
73.8232 -21.1034 4.32929

73.2336 -23.4368 1.47771
76.0277 -24.8885 -0.556794
75.1706 -26.3045 -3.91756
77.1857 -28.7963 -5.90599

76.3474 -29.4021 -9.54462
77.9668 -30.5767 -12.7628

77.6535 -27.0424 -14.1021
79.6855 -25.5442 -11.2712
83.3983 -26.1328 -10.9827

83.2546 -25.5271 -7.26099

80.338 -25.4145 -4.93213
78.4182 -22.188 -4.67602
77.2648 -20.952 -1.29851
74.5432 -18.4812 -0.438498

74.4442 -17.2084 3.08765

72.7166 -14.9052 5.49656
73.3187 -13.7708 9.05374
70.4381 -13.5177 11.4094
71.1003 -9.82046 12.0262

72.49 -9.57666 15.5065
75.1132 -6.94293 16.067

End chain 4
