41.583 41.8827 9.49983
41.2083 39.409 6.69418
40.8064 35.8147 7.70578

40.3506 32.6945 5.66487
39.1981 29.8847 7.85385
39.2065 26.4356 6.42434
37.1924 23.3947 7.38798
38.8062 20.7197 9.5436
40.6511 17.6292 8.56297

38.8648 14.8239 6.74654
39.3849 11.1255 6.42839
37.733 9.88644 3.29709
37.5247 6.57817 1.45799
38.9817 6.04672 -1.91998
36.5081 6.68536 -4.70177
34.623 9.07073 -2.44516

34.4589 12.8356 -2.75665
35.1679 15.5153 -0.177888
34.3711 19.1707 -0.124917
36.4326 21.7071 1.77792
35.2047 25.1156 2.78831
36.9027 28.4465 3.20555
34.9205 31.0013 5.07079
36.2932 34.4418 4.56416

35.816 37.5478 6.63357
37.2044 41.0362 6.99432
36.7603 42.0741 3.37646
34.248 42.0773 0.549845
34.2145 38.5191 -0.740954

32.9737 39.4012 -4.22254
35.9204 41.7547 -4.71021
38.731 39.1934 -4.7067

39.543 36.0541 -6.66237
40.0145 32.9158 -4.59818
42.6881 30.3734 -5.49859
43.3308 26.9087 -4.13173
46.6973 25.2067 -3.70136
47.6584 21.6392 -2.88948
50.6966 20.6004 -0.946904
51.6155 16.9588 -0.720441

54.0323 15.0395 1.48782
57.0053 16.3137 -0.516827
55.7481 19.7396 0.473594
55.5842 20.5816 -3.18674

53.1341 23.3443 -4.0401
50.6597 23.1034 -6.88369
48.0822 25.5711 -8.12414

44.7822 23.764 -8.53605
42.5598 26.5916 -9.75082

40.6792 29.7572 -8.87222
37.2112 31.268 -9.05146
35.8195 34.7296 -9.40872
33.2754 35.0135 -6.70196

31.2634 37.69 -8.42055
30.5581 35.7307 -11.6122
31.4248 32.1746 -10.587

33.8197 31.8105 -13.504

36.6389 29.4193 -12.8535
40.076 28.565 -14.1702
41.6204 25.1967 -13.4466
45.027 23.6802 -13.7773
44.5878 21.0144 -16.4117

46.0684 18.4382 -14.102
43.1513 19.1519 -11.7275
40.3702 19.4371 -14.3136
38.9534 16.0042 -13.5362
39.7241 16.2343 -9.80561
38.4531 19.5404 -8.47497

35.3761 21.7256 -8.60483
35.3215 25.2137 -7.14546
32.1426 26.9693 -6.06623

31.1643 29.9198 -3.93422
28.2849 30.8887 -1.68392
28.0745 34.6649 -1.8206

25.6171 34.9271 1.04181
28.0075 33.0253 3.32676
31.114 34.6622 1.88188

32.5268 31.1688 1.62626

34.3642 29.3355 -1.13532
34.3081 25.5866 -1.57114
36.484 23.0593 -3.32887
35.2789 19.5592 -3.82635
37.4907 16.7269 -4.93643
36.1363 13.5953 -6.55879

37.3601 10.0705 -7.26942
39.7486 10.2861 -4.36286
42.9647 8.31734 -4.40151
45.9051 8.16349 -2.01428

47.5605 10.6169 -4.35753
44.9123 13.0766 -3.18909
46.0791 12.9385 0.409007

47.5612 16.3438 1.0408

47.0478 19.7147 2.63507

44.8037 22.0637 0.698877
44.9679 25.8108 1.03605
42.5485 28.4747 -0.00201917
44.0183 31.8251 -0.796193
43.093 35.4153 -1.71296
44.4886 37.0716 -4.76449
45.1975 40.7827 -4.60994
45.863 43.2795 -7.29187
48.3784 45.8603 -6.25702

46.8921 48.3055 -8.72878
49.6598 47.5959 -11.1646
49.0649 44.4334 -13.2635
50.6183 42.3934 -10.5247
48.8581 39.5383 -8.84867
49.8687 37.8159 -5.67497
48.3328 35.5505 -3.10224
48.1521 37.953 -0.142764
46.3589 35.8404 2.37068

46.3268 32.1258 2.92069
44.0604 29.8527 4.8964
45.2962 27.4815 7.6116
45.1431 24.5386 5.27958
43.0704 21.3805 5.51986
44.6312 17.955 5.7191
42.7874 15.3457 3.74278
43.7529 11.7416 4.19078
42.4174 9.19839 1.75785

42.4178 5.73219 3.23815
40.392 2.58259 3.64505
41.4666 2.44092 7.27964
38.9388 3.47853 9.88989
39.4946 6.35847 12.2481

40.5098 5.78897 15.8004
40.872 8.36218 18.5479
43.9926 8.74952 20.5551
44.6306 7.57199 24.0654
46.2269 10.2848 26.1527
48.6396 9.3546 28.899
50.4706 11.5505 31.2965
54.2034 12.0649 31.1114

55.4884 12.7576 34.5883
58.8371 12.1028 36.1335
59.1588 9.54581 38.8187
60.465 12.2322 41.0797
61.8472 15.7435 41.3462
64.0882 14.91 44.323
66.9967 17.3209 44.3897
65.5818 19.7543 41.9424
67.2383 20.784 38.7463
66.9002 24.1345 37.0958
63.9517 22.9686 35.046
61.1916 20.3865 35.2639
59.358 18.7769 32.3754
55.9981 17.0812 31.9483
53.8403 16.163 29.0044

51.1547 14.045 27.4283
51.5669 11.0423 25.1951
48.9997 10.9542 22.428
49.0159 7.40052 21.2405

47.542 5.17835 18.5785
45.4345 7.53266 16.4787
44.4995 7.68431 12.8072
44.4695 9.71581 10.7527
46.3534 12.8031 11.6234
46.2686 15.5104 12.6504
45.8371 16.0092 16.3703
46.0212 19.3662 18.1075
47.365 19.8129 21.5745
47.1381 22.8022 23.8777
48.0481 23.3017 27.5037
45.883 24.9341 30.141

43.3663 25.7149 27.436
45.9206 27.7903 25.5673
47.0467 29.6502 28.6571

50.4653 28.032 28.6157
52.3423 28.4173 25.3351
55.931 28.9714 26.4352
58.3397 26.0679 26.6288
55.8835 23.7605 24.9236

57.0979 21.38 22.2577
54.5941 19.2397 20.4142
56.475 16.6428 18.4103
55.5636 15.638 14.9493
53.6638 12.3831 14.7448
55.4972 9.19803 13.9234
53.8745 6.40798 12.0092
54.1195 3.22405 14.029
54.7898 -0.0866701 12.2975

51.1808 -0.45441 13.1108
49.0222 1.67128 10.9648
48.6019 4.12595 13.8076
50.1888 7.49288 14.7085
51.7276 8.54534 18.0191
52.8955 11.9074 19.3048

54.0346 13.5049 22.5475
53.6872 17.0829 23.7297
55.9104 18.3311 26.5046
56.4295 21.51 28.4499
59.3535 22.6431 30.5315
59.2019 25.1936 33.3334

61.7623 26.6854 35.6229
61.8524 24.7784 38.8738

60.9936 27.8408 40.9124
57.8715 28.4649 38.8133
56.667 24.8674 38.609
54.4844 25.0704 41.741
52.6638 28.0907 40.3535

50.2261 26.1783 38.1246
48.4692 22.9577 37.2524
49.2968 21.3897 33.9251
46.6154 19.9189 31.7507

46.918 19.025 28.0925
43.9591 19.494 25.7983
43.9322 17.0674 22.8981
41.6036 17.3283 19.923

41.2105 14.6873 17.2216
38.6017 15.929 14.7661

38.202 12.8707 12.6292
37.3962 10.7804 15.6765
35.5301 13.6529 17.3008

37.6327 12.9834 20.3732
38.4263 15.6876 22.8792
40.3079 14.8048 25.987
41.8003 16.7143 28.8593
44.5444 15.1131 30.8534
45.8715 16.6994 33.978
49.3987 15.6824 34.6871
49.658 15.2408 38.4386
52.5823 17.17 39.938
52.9126 14.7803 42.8727

54.1812 17.6192 45.0144
53.3351 16.0885 48.3979
54.7811 13.2493 50.4316
53.9106 11.4451 53.7659
55.918 9.81626 56.6118
58.8265 9.18565 54.3082
60.6919 5.96694 53.6273
64.2212 7.3537 52.7805

66.992 6.20404 55.0444
70.0217 8.22233 56.0687
73.1609 8.10494 54.0091
76.2583 6.71235 55.6511

78.2742 9.03734 57.8165
81.8293 7.96814 58.5963
83.25 7.95068 62.079
84.5254 5.61124 64.6833
82.1813 3.18867 66.3214
81.8201 2.41546 69.9727

End chain 1
28.2482 52.1998 11.8028
31.0566 52.9898 14.2011

34.4536 52.5138 12.6747
37.2937 51.5501 14.9516
40.7272 52.3934 13.6769
44.0371 51.1397 14.8096
46.3747 53.0555 12.5894

49.4697 51.1215 13.4656
48.9871 47.5915 12.229
52.5161 46.5478 13.0884
54.3776 47.6512 16.1755
57.9231 46.7858 17.0572
58.7957 46.5785 20.7459
61.7361 45.4454 22.8568
61.402 42.9785 25.6712
60.9187 44.7547 28.9778
59.7432 47.852 27.1694

56.3863 49.5355 27.6889
54.1441 49.1375 24.7056
51.0643 51.1097 23.8446
48.4524 50.0842 21.3107
45.9498 52.7112 20.2777
42.4246 52.5496 18.9223
40.1579 55.4413 17.9417
36.4329 55.396 17.2837
34.6754 57.4897 14.6664

32.2244 58.5624 17.3607
32.2112 58.5826 21.1618
31.8796 55.0492 22.5543
31.4604 56.1206 26.175
34.0788 53.6637 27.4069
32.268 50.6685 26.0162
35.4733 49.2022 24.6869

37.0799 45.7985 25.0944
40.5154 44.5315 24.1043
41.3002 41.068 22.7998
44.5475 39.2232 22.2291
44.8747 36.7289 19.4375
47.9613 34.6307 19.2907

49.4063 33.0665 16.2327
47.5016 29.8411 16.9122
44.3989 31.8235 16.1947
43.2612 31.4972 19.7813

41.5349 34.6023 21.1383
41.3594 35.7891 24.726
39.7029 38.7801 26.3516

42.2133 40.9655 28.1627
40.2852 44.0599 29.1885
36.6418 45.0563 29.3759
34.9204 48.4047 29.8537
38.1825 50.0455 28.8336
39.912 49.5954 32.212
38.9 46.3205 33.7924

41.2642 43.3845 33.6584
39.7802 40.0356 32.8564
40.5326 37.5237 35.5487

43.6929 35.6134 34.8292
45.2394 38.459 32.8844
48.5195 39.6662 34.172
48.6912 43.0667 35.8236

51.1357 44.2116 33.1867
48.1265 44.798 30.9613
46.1626 47.9769 31.5112

43.5695 49.9057 29.5261
42.8797 53.6127 29.3747
41.0385 56.3236 27.4722
37.5743 57.7749 27.0572
35.486 59.3193 24.3423
36.9751 58.3262 20.9924
40.4905 57.3459 22.0043
41.562 54.2479 23.8948

44.8694 52.5439 24.5736
46.0589 49.1585 25.7525
49.3606 49.3185 27.5704
51.7615 46.6125 28.5247
53.9634 47.8138 31.3279

56.8078 45.4709 30.6152
56.6764 43.3249 27.5365
57.1904 39.598 27.8812
57.8316 37.1388 25.102

54.4389 35.4571 25.6344
52.8981 38.7931 24.6479
53.5968 38.1447 20.9667

50.1597 38.4205 19.3931
47.7394 40.6911 17.579
45.6294 42.9805 19.7149
42.1631 44.1254 18.7349
39.8287 46.7362 20.1863
36.0577 46.2714 20.0145
33.239 48.7111 20.7729
29.8839 47.6838 22.2809

28.3911 51.1882 22.3376
26.2022 50.5942 19.3162
25.1862 47.782 17.0217
26.7318 46.4517 14.9983

29.6607 45.7221 17.2338
32.8201 46.6444 15.3677
36.4916 45.7871 15.8485
39.7018 47.6235 15.0793
42.0445 46.3847 12.3353
44.3984 44.974 14.9391
47.9984 45.5792 15.8882
50.5113 42.803 15.6298
53.6568 43.064 17.6717
57.1144 42.3788 16.3186
59.2612 41.6784 19.3151
62.8592 42.6909 19.1585

65.4166 40.6808 21.018
69.1336 40.0399 20.7571
70.5329 38.6662 17.5378

70.741 34.9071 17.3021
72.0782 32.9748 14.3359
70.1324 30.1199 12.9095
71.1237 26.4887 13.1486
70.7784 25.124 9.68263

69.8004 21.6757 8.41776

69.3055 20.2066 4.95833
67.0284 17.2979 4.02331
67.0763 15.3119 0.810982
63.9686 14.1442 -0.944391
62.6618 10.7475 0.0587377
62.4658 7.88403 -2.39743

58.8098 7.7174 -1.54667
58.3794 11.1622 -3.05718
60.8498 10.6202 -5.89955
58.9589 7.71387 -7.35425
56.0861 10.0993 -8.07787

58.2906 12.2563 -10.2628
58.9831 15.2729 -8.08839

61.8007 16.0208 -5.66694
61.6119 18.4611 -2.79223
64.7535 19.4796 -0.976456
64.3065 21.3813 2.2183
66.6039 23.5644 4.21554
65.6665 24.6225 7.7228
66.8425 27.695 9.61079
66.0246 27.1798 13.2522

65.4628 29.6953 16.0577
67.0174 32.9074 14.7515
66.4664 36.6622 15.0716
66.0448 39.0089 13.2535
63.7763 37.6121 10.5787
65.8239 38.8603 7.6251
67.8725 36.034 6.17133

69.1797 35.0517 2.76936
68.7486 31.4753 1.76077
70.7132 30.4804 -1.28334
70.353 27.191 -3.15944
73.2657 25.6417 -5.03568
73.1688 22.5895 -7.22453

76.5339 21.1837 -8.22652
77.6126 24.7152 -7.34197
75.1906 26.2834 -9.76342

73.0196 28.7513 -8.02129
69.3455 28.3776 -8.4455
66.707 31.0146 -8.88972

62.9296 30.8501 -9.06071
62.6307 27.2313 -7.96833
62.1567 27.6408 -4.23726

59.5913 28.9166 -1.75434
60.1162 29.9948 1.82629
57.8621 29.808 4.86403
58.4244 31.4331 8.22044
56.8638 30.6426 11.5403
55.488 33.2982 13.8152
57.8244 34.4773 16.5458
58.1433 31.9252 19.3234
56.4079 32.7993 22.5594

59.3254 31.7763 24.7408
62.4503 32.7385 22.7493
60.9471 35.2865 20.3165

62.8864 33.6738 17.4767

61.7777 32.6947 13.9842
62.2772 29.4901 12.0452
62.2392 29.3373 8.27415
62.0537 26.6118 5.66386
63.215 26.8747 2.0895
62.0066 24.1915 -0.276408
63.535 23.6544 -3.66232
61.316 21.7514 -6.05122

62.8345 19.8794 -8.98703
61.6258 17.2496 -11.3889
62.9176 13.7792 -10.6619

64.9146 13.8505 -13.857
66.5364 17.1092 -12.9065
67.2601 15.9029 -9.399
69.014 12.8012 -10.68
71.0427 14.9876 -12.9982
73.1529 16.4575 -10.2224

75.2247 15.2382 -7.26811
75.3421 17.945 -4.70655
72.6348 20.0524 -3.18504
73.6062 22.8518 -0.884981

71.8438 25.5722 1.07404
73.8314 28.6609 1.94513
72.573 30.8752 4.70792
73.5463 34.464 5.36294

72.3982 36.1637 8.54038
73.4066 39.0153 10.8221

74.1824 36.4827 13.5221
76.664 34.5907 11.4412
80.0421 36.0259 10.5351

80.317 34.2134 7.21499

77.6714 32.2326 5.47518
76.8529 28.7358 6.64521
76.4624 25.9647 4.13549
74.8751 22.5839 4.53751

74.8312 20.0827 1.72594

75.8127 16.7666 3.51056
72.7623 15.6832 5.51715
69.8019 15.8141 8.02072

68.2637 13.0557 10.028
69.1937 10.1953 12.4896
70.5534 7.74747 14.9854

End chain 2
34.9953 -20.6443 -32.0926
33.3555 -23.2473 -29.9453
33.9299 -22.5104 -26.319

32.7378 -23.9811 -23.0607
33.3197 -21.5482 -20.2566
32.8593 -22.9934 -16.7959
32.2145 -21.1644 -13.5574
35.0539 -20.4433 -11.142
36.3932 -22.4122 -8.26569

34.2073 -22.9246 -5.26083
34.6052 -23.6115 -1.53583
31.7818 -25.5661 -0.0855675
31.0606 -27.1076 3.28513
30.4127 -30.7363 3.70206
26.7487 -31.6092 3.41395
26.1895 -28.5867 1.19706

25.427 -28.5623 -2.51243
27.2298 -26.8276 -5.3676
26.0917 -25.8765 -8.84618
28.6183 -25.5938 -11.6658
27.8018 -23.871 -14.9277
29.0037 -24.4024 -18.4725
28.1898 -21.5384 -20.7515
28.5814 -22.5647 -24.3354

28.9951 -20.4065 -27.3923
29.9439 -20.6995 -31.0293
27.4793 -23.4423 -31.8986
23.8383 -24.4234 -31.585
23.4736 -25.5949 -28.0067

20.5137 -27.8634 -28.6838
22.4173 -29.727 -31.3937
24.994 -31.4305 -29.1681

24.9086 -33.6294 -26.0689
26.8466 -32.345 -23.0869
28.7707 -34.6612 -20.7843
30.4658 -34.0439 -17.473
33.6595 -35.6259 -16.1664
35.3121 -35.6964 -12.772
39.0559 -35.5 -12.2028
40.2848 -36.2749 -8.68998

43.6959 -35.8169 -7.10246
44.8762 -39.082 -8.65987
44.0896 -37.4064 -11.9644
41.803 -40.3031 -12.6917

38.9873 -39.5203 -15.083
35.4217 -40.5527 -14.4984
32.2941 -40.0483 -16.5754
29.5431 -38.4946 -14.4545
26.7145 -38.3418 -16.9781
25.2988 -36.443 -19.9281
22.239 -34.4975 -20.9843
20.4741 -33.9227 -24.2676
19.8462 -30.228 -24.325

16.9736 -30.4704 -26.7228
14.9531 -33.0246 -24.6818
16.4205 -32.5449 -21.24

16.9053 -36.3031 -21.1073

19.8714 -37.4627 -19.1003
22.0277 -40.5201 -18.4899
24.0693 -40.9176 -15.3492
26.8759 -43.1267 -14.2195
25.368 -45.2372 -11.4784

28.1067 -44.2077 -9.11344
26.9265 -40.5951 -9.55101
23.1599 -41.1863 -9.46093
22.8217 -39.9369 -5.90094
25.4677 -37.2197 -6.31671
24.8181 -35.2592 -9.48005

21.9891 -33.6346 -11.3377
22.3299 -32.2135 -14.8204
20.1226 -29.4759 -16.2105

20.1514 -27.0526 -19.0932
18.9086 -23.5508 -19.754
18.3243 -23.3512 -23.4841

17.7461 -19.616 -23.3898
21.2321 -18.9625 -22.0099
22.7667 -21.9445 -23.8454

24.2544 -23.1021 -20.5727

24.4397 -26.4951 -18.9105
24.6158 -27.0202 -15.1782
25.6356 -29.7887 -12.8172
24.7392 -29.6546 -9.2055
26.3049 -31.9566 -6.69512
24.67 -32.598 -3.34375

25.6491 -34.0516 0.0255086
29.2173 -33.0097 -0.584894
32.0649 -34.7964 1.12631
35.8225 -34.5383 0.747535

35.6309 -37.2798 -1.83855
33.8163 -34.725 -3.98899
36.78 -32.3896 -4.03596

37.9709 -32.5328 -7.61332

38.0652 -30.7634 -10.9367

34.89 -31.0404 -12.9706
34.8347 -30.7527 -16.7261
32.0032 -30.0295 -19.0687
32.3498 -31.4696 -22.5558
30.5512 -31.5064 -25.8837
29.8973 -34.6977 -27.7814
30.448 -34.6637 -31.4945
29.0559 -37.076 -33.9988
31.2995 -37.7662 -36.9177

28.3593 -38.8262 -39.0568
28.8538 -42.5348 -38.5853
27.9904 -43.6843 -35.0612
31.2592 -42.493 -33.642
31.0164 -40.3813 -30.5396
33.7851 -38.407 -28.9317
34.1768 -35.4461 -26.6179
35.3106 -32.9025 -29.182
35.524 -29.861 -26.9281

36.2372 -29.5802 -23.243
35.7286 -26.7927 -20.7669
38.5101 -25.329 -18.6474
37.4329 -27.2605 -15.5635
36.1896 -26.1197 -12.1783
37.9899 -26.9583 -8.97006
35.6456 -27.6546 -6.14627
37.0723 -28.0116 -2.70965
34.9495 -29.4491 0.0390671

36.1551 -28.4111 3.43721
35.0998 -27.0556 6.80489
38.0019 -24.618 6.74724
37.2538 -21.007 5.94024
38.671 -19.2133 2.94859

41.7687 -17.1371 3.40656
43.1546 -14.7608 0.77939
46.8171 -14.8096 -0.00981363
49.431 -12.2889 0.963359
51.5903 -11.3034 -1.96753
55.2046 -10.4121 -1.36956
57.7953 -9.34271 -3.84065
60.7173 -11.5265 -4.82392

63.5814 -9.2497 -5.71433
67.2791 -9.84504 -5.61069
69.4933 -8.20312 -3.044
71.3576 -6.65847 -5.89653
72.2538 -7.00412 -9.48878
74.8358 -9.75681 -9.52045

77.8614 -9.50734 -11.7864
76.128 -8.74103 -15.0914
74.6347 -12.0915 -15.7245

72.9076 -13.0976 -18.8634

69.6243 -13.1207 -16.9961
67.8124 -11.4797 -14.0786
64.9324 -12.9836 -12.1053
62.0349 -11.4554 -10.2093
58.8082 -12.8413 -8.77737

55.9071 -12.7672 -6.35553
55.3667 -15.0034 -3.35484
51.7372 -15.8969 -2.8765
51.5427 -17.0528 0.693533

49.0353 -18.7791 2.96342
45.8131 -18.9952 1.04025
43.009 -21.5318 1.08887
41.797 -23.1882 -0.895488
43.3357 -23.2946 -4.27386
43.489 -22.2626 -6.96796
45.2021 -18.932 -7.40773
45.8947 -17.4024 -10.7949
48.8733 -15.2371 -11.4682
49.6182 -13.0251 -14.4425
52.3536 -10.5294 -15.1333
51.8212 -7.04865 -16.522

48.1543 -7.86475 -16.9639
48.9872 -10.7405 -19.273
51.3969 -8.69635 -21.3401

54.3891 -10.6718 -20.1084
54.0812 -14.4147 -20.7418
57.5818 -15.4363 -21.746
59.9752 -16.7445 -19.1438
57.3464 -16.9568 -16.4497

57.1186 -19.9743 -14.2317
54.2613 -20.2156 -11.7875
54.9936 -23.0504 -9.3895
52.4615 -25.498 -8.21707
51.1328 -24.8281 -4.74654
52.554 -26.6791 -1.80281
50.4801 -27.579 1.20279
52.1021 -25.9894 4.22198
52.1728 -27.7172 7.61193

49.5609 -25.1663 8.34742
46.3799 -25.7168 6.55835
47.4588 -23.0891 4.03146
48.8125 -23.1916 0.476646
51.7241 -21.1755 -0.897205
53.1953 -20.6336 -4.36011

55.7226 -18.4588 -6.05371
55.6106 -17.0559 -9.57491
58.8388 -15.9895 -11.1521
59.957 -14.4457 -14.3965
63.3857 -14.2723 -15.9879
64.5365 -11.6843 -18.499

67.7432 -11.1426 -20.3587
69.8535 -8.59579 -18.5326

69.8822 -6.25056 -21.4982
66.077 -6.28662 -21.7401
65.4088 -6.00702 -17.9997
65.3211 -2.20312 -18.0893
62.6543 -2.28183 -20.7443

59.6299 -2.72987 -18.4977
58.1299 -2.65806 -15.0054
57.1498 -5.94799 -13.4291
53.8254 -6.41305 -11.6974

52.292 -9.6649 -10.6172
48.5135 -9.87313 -10.7947
47.1235 -12.3863 -8.3412
43.5097 -13.4712 -8.22524
41.9969 -15.691 -5.55005
38.3488 -16.1251 -6.4437

37.181 -17.9106 -3.35929
38.4733 -15.0493 -1.22331
37.4262 -12.4776 -3.77099

40.944 -11.2003 -3.44207
42.7582 -9.51243 -6.25007
46.1156 -7.94441 -5.69073
48.6719 -6.30216 -7.8879
52.1887 -6.18751 -6.66457
54.8824 -4.23961 -8.39537
58.2718 -5.67925 -7.7889
60.5905 -2.71288 -7.54876
63.6298 -3.09564 -9.79254
65.8367 -0.875328 -7.60432

67.7551 0.336286 -10.6108
69.2112 3.50733 -9.18997
71.8723 4.1553 -6.61174
72.7001 7.2362 -4.50847
76.0728 7.73487 -2.87699
79.2714 6.56146 -4.47051
79.1992 2.84645 -5.31735
81.4593 1.87288 -2.40848
82.4843 3.09314 0.999794
84.677 6.13511 1.34139
86.1713 8.1592 4.10717
84.189 11.1415 5.34746
87.0618 13.5561 4.63842
87.1532 15.1778 1.21614
90.4054 15.6216 -0.655567
93.3021 13.4564 0.247386
93.3945 11.1931 3.26371
95.646 11.6059 6.25802

End chain 3
33.2681 -53.0925 -20.5999
36.0974 -52.8333 -23.0688

39.416 -52.1824 -21.4009
42.0419 -50.1276 -23.1794
45.5329 -50.8226 -21.9502
48.5336 -48.6521 -22.52
51.1922 -50.734 -20.8824

53.9281 -48.1792 -21.0701
52.8958 -45.1418 -19.0703
56.1863 -43.3381 -19.4935
58.266 -43.3212 -22.6379
61.5731 -41.6367 -23.1105
62.4781 -40.4607 -26.5924
65.1439 -38.3124 -28.2003
64.4111 -35.2865 -30.3832
64.4414 -36.4037 -34.0454
63.6832 -40.0433 -33.178

60.5479 -41.8989 -34.1899
58.3105 -42.7843 -31.2836
55.5163 -45.2784 -31.0265
52.8512 -45.4232 -28.3925
50.7353 -48.499 -28.2644
47.2951 -49.3686 -26.9546
45.5164 -52.7057 -26.9282
41.8401 -53.4454 -26.3946
40.4056 -56.3593 -24.4595

38.3062 -57.1908 -27.5159
38.147 -56.2373 -31.1944
37.5413 -52.514 -31.6843
36.9694 -52.7083 -35.4198
39.2452 -49.6871 -35.8725
36.9728 -47.4015 -33.9329
39.866 -45.8564 -32.0993

40.9115 -42.2383 -31.6132
44.08 -40.6928 -30.1985
44.2218 -37.5809 -28.0565
47.0983 -35.4412 -26.8704
47.0124 -33.619 -23.5994
49.5765 -30.9465 -22.8312

50.8266 -30.3155 -19.3886
48.5005 -27.3162 -19.1838
45.6579 -29.7937 -19.3164
44.4492 -28.8534 -22.7584

43.3183 -31.787 -24.8586
43.3673 -32.0878 -28.6355
42.2784 -34.7895 -31.0433

45.1505 -36.021 -33.1761
43.7882 -39.0376 -35.019
40.3674 -40.5354 -35.5829
39.2158 -43.8768 -36.9479
42.6656 -45.2995 -36.3001
44.49 -43.4576 -39.0217
42.8464 -40.2738 -40.1415

44.6755 -37.1242 -39.1673
42.624 -34.3805 -37.6495
42.9746 -31.1678 -39.5839

45.7234 -28.9544 -38.2812
47.6558 -31.9536 -37.0345
51.139 -32.2734 -38.3691
51.9304 -35.0558 -40.8116

54.4912 -36.314 -38.3038
51.6221 -38.0309 -36.5565
50.2511 -41.2573 -37.9449

48.0184 -44.0067 -36.5973
47.9187 -47.6945 -37.4076
46.5902 -51.0618 -36.2945
43.4083 -53.0983 -36.3987

41.5656 -55.5571 -34.2303
42.954 -55.2853 -30.7064
46.2086 -53.4584 -31.2764

46.7063 -49.8411 -32.2578

49.6977 -47.5178 -32.3477
50.3088 -43.8084 -32.6728
53.5982 -43.0018 -34.3019
55.524 -39.7766 -34.3974
57.847 -39.8297 -37.374

60.269 -37.3471 -35.9022
59.7917 -35.9002 -32.4252
59.6308 -32.1734 -31.9994
59.7852 -30.5212 -28.6308

56.1667 -29.3516 -28.9442
55.2601 -33.0319 -28.7841
55.811 -33.1895 -25.0209

52.4793 -34.421 -23.7248
50.4816 -37.4306 -22.6007
48.8131 -39.4528 -25.3191
45.5875 -41.3497 -24.8235
43.7916 -43.9491 -26.9161
39.9743 -44.0908 -26.8645
37.5892 -46.7249 -28.2222

34.1309 -45.8961 -29.6588
33.2171 -49.4596 -30.6442
30.9676 -50.0203 -27.6526
29.5307 -48.1127 -24.7218
30.7925 -47.084 -22.4256

33.53 -45.3017 -24.2886
36.7906 -46.1846 -22.6114
40.2647 -44.6193 -22.67
43.7435 -46.0197 -22.2255
45.8388 -45.1185 -19.1704
47.9214 -42.7366 -21.2395
51.5702 -42.4827 -22.1544
53.6125 -39.5049 -21.0169
56.6959 -38.7011 -23.0274
59.9883 -37.7391 -21.4543
62.0583 -36.0419 -24.1174
65.7969 -36.5901 -24.1506

67.842 -33.5869 -25.0877
71.4356 -32.4509 -24.7464
72.6351 -31.6248 -21.2619
72.1729 -28.0786 -20.077

73.1738 -26.7899 -16.6642
70.7531 -24.7567 -14.684
71.1068 -21.0835 -13.9049
70.6151 -20.709 -10.1918

69.0321 -17.9037 -8.19082

68.2669 -17.4766 -4.49913
65.5089 -15.3678 -2.92739
65.1902 -14.3078 0.682922
61.9495 -14.092 2.55655
60.066 -10.8175 2.34241
59.4395 -8.82017 5.47471

55.7826 -8.92366 4.57904
55.9321 -12.6832 5.09181
58.2791 -12.4896 8.08685
55.8546 -10.3478 9.99924
53.4724 -13.3144 10.0982

56.0224 -15.556 11.7651
57.2093 -17.7923 8.95078

60.129 -17.4536 6.54946
60.3566 -19.038 3.13517
63.667 -19.1004 1.28653
63.5554 -20.0723 -2.35983
66.1912 -21.4704 -4.68997
65.4678 -21.5539 -8.40887
67.1134 -23.8487 -10.9389
66.2055 -22.608 -14.369

66.0665 -24.3643 -17.7435
68.1819 -27.4685 -17.2322
68.3019 -31.0298 -18.5458
68.3153 -33.7981 -17.3767
65.8185 -33.6474 -14.5359
68.0652 -35.1697 -11.8889
69.5906 -32.4836 -9.70413

70.7365 -32.2031 -6.12104
69.7946 -29.095 -4.25798
71.5731 -28.5112 -0.996204
70.6289 -25.8525 1.60771

73.0165 -24.6264 4.26412
72.552 -22.0576 6.89971

75.6886 -20.7756 8.51412
77.496 -23.6352 6.84357
75.1934 -26.2129 8.35092

73.5939 -28.6906 6.00382
69.8466 -28.6477 6.39983
67.5658 -31.6168 6.0385

63.8145 -32.2025 6.19029
63.0263 -28.4698 5.99136
62.6734 -28.0235 2.22271

60.2041 -28.9823 -0.47954
60.8975 -29.2407 -4.18652
58.6576 -28.5321 -7.21053
59.4494 -29.2224 -10.8302
57.8139 -27.8392 -13.9276
56.8575 -29.9816 -16.881
59.3967 -30.0141 -19.653
59.363 -26.8967 -21.8172
57.6738 -27.2005 -25.184

60.3665 -25.2639 -27.0139
63.4884 -25.9931 -24.945
62.5749 -29.3823 -23.4407

64.2327 -28.2522 -20.2154

62.943 -28.3558 -16.6603
62.8758 -25.7273 -13.9519
63.0699 -26.5539 -10.2576
62.2098 -24.6884 -7.07768
63.4528 -25.5938 -3.61522
61.7768 -23.8413 -0.734674
63.2518 -23.8994 2.72028
60.7643 -22.9616 5.36708

61.7013 -21.8734 8.86236
60.0811 -20.0724 11.7542
60.8711 -16.3932 12.0051

62.8535 -17.0212 15.13
64.9697 -19.6392 13.4761
65.4637 -17.4553 10.4222
66.6971 -14.5344 12.5103
69.051 -16.911 14.2945
71.2948 -17.313 11.2556

73.1535 -14.9476 8.93326
74.0471 -16.924 5.82866
71.7152 -18.8587 3.58932
72.7948 -20.6504 0.533206

71.8546 -23.2508 -1.97228
74.3843 -25.4573 -3.64144
73.3551 -27.1959 -6.79621
74.9317 -30.2721 -8.30453

74.0713 -31.2676 -11.8511
75.5185 -33.1798 -14.785

75.8687 -29.8894 -16.638
78.0789 -28.3553 -13.9642
81.6202 -29.5292 -13.4208

81.5129 -28.3505 -9.83775

78.6175 -27.3813 -7.68828
77.3005 -23.8694 -7.99451
76.3195 -21.9543 -4.89044
74.0666 -18.9469 -4.52706

74.1264 -17.1565 -1.23243

72.7906 -14.25 0.73226
73.5148 -12.7114 4.11031
70.6794 -11.6075 6.26748
71.9792 -8.03144 6.36915

73.3204 -7.50789 9.83757
76.3604 -5.3158 10.1297

End chain 4
