36.7312 19.4438 32.825
34.8877 21.4136 30.2073
35.3662 20.2907 26.6556

33.9503 21.5871 23.4271
34.4902 19.088 20.6924
33.829 20.167 17.1799
32.9596 18.1268 14.1279
35.6842 17.3161 11.6128
36.7406 19.1446 8.53747

34.378 19.4698 5.59255
34.8041 19.9615 1.90112
31.6778 21.4509 0.460114
30.5906 22.7304 -2.93863
29.7644 26.2957 -3.58798
26.0882 27.0507 -3.16318
25.8011 24.1632 -0.73098

25.2794 24.3899 3.00728
27.2433 22.8063 5.83014
26.4396 22.3599 9.45712
29.0885 22.1251 12.1463
28.5261 20.6493 15.5599
29.9528 21.4011 18.9586
29.3448 18.7718 21.5379
29.9529 20.0698 24.9909

30.6405 18.1908 28.1775
31.7773 18.8053 31.7211
29.2024 21.4542 32.5672
25.5029 22.209 32.3543
24.8971 23.1497 28.7382

21.7749 25.2086 29.4105
23.7119 27.4133 31.8286
26.1004 29.0443 29.3597

25.7502 31.0323 26.1559
27.5319 29.6003 23.1381
29.2692 31.8726 20.6398
30.7883 31.0945 17.2675
33.8299 32.7346 15.6946
35.2774 32.5895 12.2027
38.9249 32.8364 11.3553
39.9926 33.1327 7.75955

43.3498 32.7766 6.02652
44.4591 36.1889 7.29408
43.8604 34.7119 10.7231
41.4946 37.5588 11.3805

38.8754 36.828 14.0203
35.2093 37.6142 13.564
32.2726 37.1107 15.8866

29.4854 35.4248 13.9592
26.8285 35.121 16.6534

25.6786 33.3543 19.7976
22.7164 31.4485 21.1886
21.2022 30.9697 24.5835
20.7712 27.2844 24.919

17.9895 27.5068 27.4444
15.623 29.5976 25.3111
17.1219 29.2253 21.8379

17.3122 32.9877 21.4074

20.0852 34.1096 19.1401
22.0925 37.2068 18.3307
23.9428 37.486 15.0516
26.5512 39.7628 13.6281
24.7691 41.5531 10.8249

27.474 40.5412 8.41173
26.5227 36.9067 9.14849
22.7369 37.3136 9.22033
22.255 35.7727 5.78665
25.0898 33.2551 6.22199
24.69 31.4952 9.54754

22.0334 29.798 11.6265
22.6734 28.6682 15.1781
20.6817 25.934 16.8837

21.0145 23.7014 19.9025
20.0053 20.194 20.8891
19.5506 20.2535 24.6458

19.2832 16.4952 24.9699
22.6642 16.0624 23.2573
24.1954 19.1142 24.9184

25.3617 20.0953 21.4626

25.2788 23.3694 19.5555
25.1765 23.6087 15.7899
26.0022 26.2686 13.2494
24.9308 25.8732 9.69324
26.1892 28.0305 6.88085
24.3057 28.4529 3.6332

25.0504 29.684 0.11797
28.6868 28.7955 0.54938
31.3421 30.7153 -1.31729
35.1294 30.5657 -1.26271

34.9187 33.4825 1.12437
33.3666 31.0094 3.5539
36.4589 28.8279 3.62763

37.8373 29.2801 7.10437

38.1974 27.7649 10.5312

35.1177 28.0155 12.7118
35.2475 27.9199 16.4742
32.5476 27.3533 19.0074
33.0663 28.9377 22.3595
31.5836 29.1888 25.8701
30.7848 32.5003 27.4188
31.2429 32.8768 31.1534
30.0358 35.4718 33.5363
32.5261 36.2045 36.2419

29.7268 37.3399 38.5162
30.5217 40.9339 37.7759
28.9623 42.1924 34.4979
31.9529 40.8917 32.6432
31.7025 38.4377 29.8193
34.502 36.47 28.2859
34.9353 33.4451 26.1014
36.4304 31.0177 28.6382
36.6142 27.889 26.5954

37.1188 27.3547 22.9128
36.6113 24.3691 20.6687
39.3519 22.8902 18.4724
37.9943 24.6045 15.416
36.6518 23.1055 12.2101
38.2048 23.813 8.84891
35.69 24.2356 6.09004
36.9253 24.3834 2.54398
34.5403 25.4775 -0.155114

35.6138 24.2235 -3.54346
34.408 22.6195 -6.73137
37.4486 20.3534 -6.66231
36.9321 16.7704 -5.57852
38.6307 15.2753 -2.57125

41.5978 13.0308 -2.93517
43.391 11.102 -0.221241
47.0657 11.3754 0.36077
49.739 8.926 -0.623993
52.1167 8.26831 2.23575
55.7388 7.49936 1.51628
58.5177 6.7237 3.88249
61.364 9.12065 4.50379

64.4332 7.12375 5.40475
68.0706 7.88256 4.93107
70.0723 5.87564 2.51905
72.3232 4.90446 5.3518
73.3975 5.59107 8.91348
77.0149 4.5367 8.29638
79.2499 6.27621 10.7975
76.5229 7.43468 13.0634
75.8803 11.0056 13.9877
74.4413 12.191 17.2417
70.9209 12.0391 15.8857
68.9841 10.1574 13.2322
65.8778 11.3362 11.4274
63.0276 9.6287 9.60858
59.5914 10.6713 8.48116

56.6161 10.2789 6.20601
55.7729 12.2519 3.11248
52.0701 12.9244 2.80963
51.5656 13.8122 -0.795428

48.9155 15.013 -3.18953
45.8468 15.4766 -1.0073
42.8953 17.8562 -1.06382
41.5324 19.5228 0.863358
43.3922 20.0183 4.04681
43.7918 19.2006 6.7969
45.6444 15.9759 7.46242
46.6485 14.7645 10.9041
49.7723 12.8057 11.5608
50.8061 10.8876 14.6501
53.6752 8.54259 15.3536
53.4326 5.16733 17.0439

49.7601 5.8379 17.613
50.5726 8.90657 19.6739
53.22 7.14758 21.7163

56.0167 9.19805 20.2057
55.5347 12.9559 20.4895
59.0323 14.2391 21.2085
61.2315 15.47 18.3947
58.3728 15.3146 15.9312

57.8786 18.1274 13.463
54.8901 18.0575 11.1583
55.3364 20.7361 8.52701
52.5923 22.938 7.32699
51.1273 21.8966 4.00815
52.2748 23.5888 0.845809
49.9837 24.0907 -2.0835
51.5602 22.5575 -5.15614
51.2402 24.2778 -8.52459

48.8606 21.4554 -8.96507
45.7359 21.9207 -7.01492
46.9668 19.4441 -4.43916
48.5921 19.743 -0.984377
51.7453 18.0385 0.275563
53.2658 17.7784 3.7311

56.0293 15.8996 5.51936
56.2646 14.8178 9.13799
59.6341 13.9563 10.5888
61.0402 12.7756 13.8732
64.5618 12.8866 15.1972
65.978 10.6057 17.875

69.3137 10.3398 19.5559
71.4333 7.75462 17.8131

71.7997 5.67049 20.9427
68.014 5.49017 21.3659
67.1237 4.85865 17.7268
67.2404 1.04833 18.0136
64.7911 1.12753 20.9043

61.6126 1.41022 18.8104
59.8607 0.989254 15.4978
58.6176 4.11577 13.7964
55.2529 4.21756 12.1383

53.3556 7.30743 11.0773
49.5921 7.37787 11.3413
47.9677 9.63285 8.77682
44.3123 10.6218 8.81972

42.5256 12.4938 6.03934
38.9037 12.9188 7.07787

37.472 14.3269 3.9082
38.7633 11.3636 1.94441
38.0868 9.00313 4.83273

41.6419 7.79258 4.37972
43.6285 6.31834 7.22614
47.0395 4.94262 6.55492
49.8471 3.5784 8.64772
53.3208 3.5964 7.23207
56.1645 1.92455 9.00929
59.4642 3.452 8.13892
61.9391 0.597406 7.88872
65.0695 1.19047 9.97915
67.2183 -1.00745 7.7466

69.3596 -1.9027 10.7246
70.7895 -5.14778 9.33472
73.316 -5.96493 6.64443
74.7117 -9.19075 4.97832
78.1071 -10.2966 3.55349
79.0893 -6.72229 2.90284
80.3483 -5.12397 -0.285235
82.5888 -2.30206 1.16843

86.2208 -2.47483 0.217566
89.1465 -1.43666 2.37711
90.4314 2.09111 2.25793
93.9657 2.60687 1.04449

96.7465 2.13048 3.53404
100.114 3.61698 2.61582
103.333 1.68239 2.81232
106.038 0.316574 0.643437
105.274 -2.44853 -1.7687
107.211 -5.60172 -2.37425

End chain 1
33.5154 50.312 12.2737
36.531 50.6663 14.5195

39.7711 50.1057 12.7076
42.6759 48.7286 14.6685
46.0703 49.4507 13.2258
49.3432 47.8646 13.9888
51.6659 49.8203 11.7879

54.6558 47.5987 12.2492
53.8224 44.2486 10.7309
57.3109 42.8824 11.2257
59.4549 43.5466 14.2548
62.975 42.354 14.787
64.0753 41.727 18.3657
67.0558 40.1909 20.1387
66.7239 37.4903 22.7299
66.6015 38.9645 26.2133
65.5475 42.298 24.7913

62.3718 44.1528 25.7119
59.9102 44.2054 22.8795
56.9393 46.4623 22.4355
54.0921 45.8738 20.0186
51.734 48.7573 19.4216
48.1237 48.9752 18.3227
46.0241 52.0999 17.7846
42.2708 52.379 17.4036
40.5065 54.8357 15.1288

38.3316 55.8086 18.0853
38.5757 55.4584 21.8624
38.0692 51.8377 22.9431
37.9776 52.577 26.6684
40.4773 49.8349 27.47
38.3532 47.1236 25.9467
41.3402 45.574 24.2533

42.7053 42.043 24.2239
45.9594 40.6422 22.8686
46.3874 37.2763 21.1948
49.4382 35.2741 20.2164
49.385 33.0476 17.1897
52.2852 30.7636 16.6207

53.3973 29.4085 13.3324
51.3014 26.2729 13.8504
48.3182 28.5275 13.5516
47.4027 27.9326 17.1672

46.0143 31.0032 18.9299
46.1718 31.8434 22.615
44.8622 34.7696 24.6286

47.6486 36.5872 26.4426
46.0364 39.6936 27.8904
42.5008 40.9186 28.4391
41.0766 44.3164 29.3509
44.3788 45.8173 28.2475
46.2921 44.9199 31.432
45.141 41.585 32.7736

47.2593 38.5184 32.1936
45.4727 35.3755 31.1979
46.2101 32.5663 33.5831

49.1594 30.5196 32.4574
50.7848 33.4267 30.6746
54.2268 34.2706 31.8211
54.769 37.4733 33.7627

57.1109 38.6968 31.0687
54.0125 39.7062 29.1367
52.3391 42.9454 30.1224

49.7736 45.2351 28.5221
49.3609 48.9782 28.7658
47.6087 51.9838 27.264
44.2457 53.7067 27.2434
42.1038 55.6507 24.8454
43.2838 54.888 21.3168
46.774 53.5708 21.9699
47.73 50.2358 23.4811

50.9354 48.2471 23.752
51.939 44.6881 24.5213
55.3581 44.4391 26.0959
57.6035 41.492 26.6151
60.0745 42.2573 29.3461

62.6769 39.8025 28.2106
62.1749 37.9817 24.965
62.4242 34.2123 24.9246
62.6869 31.9975 21.89

59.2191 30.5126 22.5151
57.8751 34.0284 21.9583
58.2729 33.6953 18.1914

54.769 34.3626 16.9095
52.413 36.9628 15.4979
50.6328 39.1742 17.987
47.2063 40.6484 17.3772
45.1815 43.2615 19.233
41.3829 43.0799 19.2995
38.8166 45.6245 20.4874
35.5018 44.6915 22.1389

34.2888 48.2691 22.63
31.8625 48.1272 19.7376
30.4823 45.6302 17.2747
31.7819 44.3993 15.0278

34.7901 43.2524 16.9626
37.8781 44.1298 14.9603
41.4972 42.9756 15.0859
44.7796 44.6499 14.2535
46.8307 43.5245 11.2404
49.2396 41.7056 13.5207
52.931 41.9626 14.2516
55.201 39.0563 13.5518
58.4874 38.8966 15.3699
61.7836 38.1073 13.7063
64.0672 36.9696 16.4575
67.7134 37.7391 16.1283

70.2287 35.3835 17.599
73.8599 34.5134 17.0047
74.9302 33.3664 13.5772

74.8336 29.643 12.9802
75.8165 27.9209 9.75704
73.5664 25.3617 8.22124
74.2908 21.6643 8.04942
73.6098 20.6719 4.50733

72.2878 17.4403 3.00523

71.4504 16.3542 -0.528861
68.8997 13.7166 -1.5571
68.5793 12.0553 -4.93392
65.2803 11.2843 -6.5541
63.7878 7.90532 -5.77502
63.2086 5.31607 -8.46403

59.6161 5.32262 -7.3632
59.3499 8.92004 -8.51264
61.5747 8.48721 -11.5685
59.3735 5.87581 -13.1412
56.6494 8.51513 -13.4259

58.8606 10.716 -15.5596
59.9265 13.4502 -13.1732

62.9496 13.7597 -10.9089
63.1419 15.9148 -7.81482
66.4673 16.5295 -6.15098
66.383 18.1366 -2.76977
68.9698 19.9487 -0.755393
68.3542 20.7221 2.89455
69.8862 23.5059 4.96594
69.2781 22.696 8.59475

69.1004 24.9586 11.6547
70.8049 28.1665 10.5393
70.5656 31.9014 11.2451
70.2034 34.438 9.68808
67.6599 33.4707 7.07146
69.5938 34.8555 4.10208
71.3176 32.0487 2.24517

72.314 31.3145 -1.32068
71.5436 27.8925 -2.62076
73.2171 27.065 -5.88126
72.4808 24.0077 -8.02146
75.1336 22.4496 -10.244
74.6564 19.6399 -12.6923

77.829 18.1074 -14.0671
79.2319 21.4518 -12.9424
76.7796 23.414 -15.022

74.9259 25.8454 -12.9028
71.2138 25.7722 -13.0857
68.761 28.6176 -13.0871

64.9791 28.7345 -12.9916
64.4783 25.056 -12.2193
64.2891 25.1313 -8.44148

62.0017 26.3343 -5.66766
62.8473 27.0185 -2.05158
60.7949 26.6937 1.11484
61.7044 27.9401 4.55605
60.3148 26.94 7.89531
59.3024 29.4503 10.5018
61.9005 30.1912 13.1486
62.2093 27.364 15.6471
60.7675 28.0369 19.0699

63.7383 26.6048 20.9247
66.7866 27.5365 18.8042
65.3226 30.4085 16.7357

66.9373 28.9494 13.6228

65.5246 28.3958 10.1467
65.6458 25.3689 7.88816
65.3427 25.5881 4.13237
64.7739 23.1501 1.3023
65.7089 23.6791 -2.30876
64.1423 21.3306 -4.81631
65.3939 21.0214 -8.34147
62.8801 19.5202 -10.7247

64.05 17.8425 -13.9256
62.4847 15.5506 -16.4639
63.5532 11.9441 -16.1588

65.3303 12.1876 -19.473
67.2569 15.2168 -18.3484
68.1205 13.6262 -15.0309
69.5418 10.5497 -16.7199
71.5713 12.8051 -18.9702
73.9697 13.8461 -16.2348

76.1361 12.2026 -13.5679
76.6324 14.6316 -10.7829
74.2028 16.764 -8.87625
75.5381 19.2508 -6.40576

74.1248 21.8832 -4.07819
76.3971 24.7259 -3.07531
75.5005 26.7422 -0.0338643
76.7874 30.1732 0.876044

75.989 31.6304 4.27345
77.3639 34.1682 6.72782

78.1234 31.3362 9.11706
80.3074 29.4879 6.69163
83.7168 30.7655 5.67374

83.6282 29.2712 2.1891

80.7278 27.6591 0.47489
79.7246 24.1304 1.37418
78.9554 21.6517 -1.34502
77.1447 18.3668 -1.14052

76.7204 16.1613 -4.16022

76.1576 12.6356 -5.37039
76.9797 10.8516 -8.59792
73.9804 9.18497 -10.1553

74.4149 6.05378 -12.0161
75.6124 5.11581 -15.4147
78.2189 2.59585 -16.3243

End chain 2
34.9953 -20.6443 -32.0926
33.3555 -23.2473 -29.9453
33.9299 -22.5104 -26.319

32.7378 -23.9811 -23.0607
33.3197 -21.5482 -20.2566
32.8593 -22.9934 -16.7959
32.2145 -21.1644 -13.5574
35.0539 -20.4433 -11.142
36.3932 -22.4122 -8.26569

34.2073 -22.9246 -5.26083
34.6052 -23.6115 -1.53583
31.7818 -25.5661 -0.0855675
31.0606 -27.1076 3.28513
30.4127 -30.7363 3.70206
26.7487 -31.6092 3.41395
26.1895 -28.5867 1.19706

25.427 -28.5623 -2.51243
27.2298 -26.8276 -5.3676
26.0917 -25.8765 -8.84618
28.6183 -25.5938 -11.6658
27.8018 -23.871 -14.9277
29.0037 -24.4024 -18.4725
28.1898 -21.5384 -20.7515
28.5814 -22.5647 -24.3354

28.9951 -20.4065 -27.3923
29.9439 -20.6995 -31.0293
27.4793 -23.4423 -31.8986
23.8383 -24.4234 -31.585
23.4736 -25.5949 -28.0067

20.5137 -27.8634 -28.6838
22.4173 -29.727 -31.3937
24.994 -31.4305 -29.1681

24.9086 -33.6294 -26.0689
26.8466 -32.345 -23.0869
28.7707 -34.6612 -20.7843
30.4658 -34.0439 -17.473
33.6595 -35.6259 -16.1664
35.3121 -35.6964 -12.772
39.0559 -35.5 -12.2028
40.2848 -36.2749 -8.68998

43.6959 -35.8169 -7.10246
44.8762 -39.082 -8.65987
44.0896 -37.4064 -11.9644
41.803 -40.3031 -12.6917

38.9873 -39.5203 -15.083
35.4217 -40.5527 -14.4984
32.2941 -40.0483 -16.5754
29.5431 -38.4946 -14.4545
26.7145 -38.3418 -16.9781
25.2988 -36.443 -19.9281
22.239 -34.4975 -20.9843
20.4741 -33.9227 -24.2676
19.8462 -30.228 -24.325

16.9736 -30.4704 -26.7228
14.9531 -33.0246 -24.6818
16.4205 -32.5449 -21.24

16.9053 -36.3031 -21.1073

19.8714 -37.4627 -19.1003
22.0277 -40.5201 -18.4899
24.0693 -40.9176 -15.3492
26.8759 -43.1267 -14.2195
25.368 -45.2372 -11.4784

28.1067 -44.2077 -9.11344
26.9265 -40.5951 -9.55101
23.1599 -41.1863 -9.46093
22.8217 -39.9369 -5.90094
25.4677 -37.2197 -6.31671
24.8181 -35.2592 -9.48005

21.9891 -33.6346 -11.3377
22.3299 -32.2135 -14.8204
20.1226 -29.4759 -16.2105

20.1514 -27.0526 -19.0932
18.9086 -23.5508 -19.754
18.3243 -23.3512 -23.4841

17.7461 -19.616 -23.3898
21.2321 -18.9625 -22.0099
22.7667 -21.9445 -23.8454

24.2544 -23.1021 -20.5727

24.4397 -26.4951 -18.9105
24.6158 -27.0202 -15.1782
25.6356 -29.7887 -12.8172
24.7392 -29.6546 -9.2055
26.3049 -31.9566 -6.69512
24.67 -32.598 -3.34375

25.6491 -34.0516 0.0255086
29.2173 -33.0097 -0.584894
32.0649 -34.7964 1.12631
35.8225 -34.5383 0.747535

35.6309 -37.2798 -1.83855
33.8163 -34.725 -3.98899
36.78 -32.3896 -4.03596

37.9709 -32.5328 -7.61332

38.0652 -30.7634 -10.9367

34.89 -31.0404 -12.9706
34.8347 -30.7527 -16.7261
32.0032 -30.0295 -19.0687
32.3498 -31.4696 -22.5558
30.5512 -31.5064 -25.8837
29.8973 -34.6977 -27.7814
30.448 -34.6637 -31.4945
29.0559 -37.076 -33.9988
31.2995 -37.7662 -36.9177

28.3593 -38.8262 -39.0568
28.8538 -42.5348 -38.5853
27.9904 -43.6843 -35.0612
31.2592 -42.493 -33.642
31.0164 -40.3813 -30.5396
33.7851 -38.407 -28.9317
34.1768 -35.4461 -26.6179
35.3106 -32.9025 -29.182
35.524 -29.861 -26.9281

36.2372 -29.5802 -23.243
35.7286 -26.7927 -20.7669
38.5101 -25.329 -18.6474
37.4329 -27.2605 -15.5635
36.1896 -26.1197 -12.1783
37.9899 -26.9583 -8.97006
35.6456 -27.6546 -6.14627
37.0723 -28.0116 -2.70965
34.9495 -29.4491 0.0390671

36.1551 -28.4111 3.43721
35.0998 -27.0556 6.80489
38.0019 -24.618 6.74724
37.2538 -21.007 5.94024
38.671 -19.2133 2.94859

41.7687 -17.1371 3.40656
43.1546 -14.7608 0.77939
46.8171 -14.8096 -0.00981363
49.431 -12.2889 0.963359
51.5903 -11.3034 -1.96753
55.2046 -10.4121 -1.36956
57.7953 -9.34271 -3.84065
60.7173 -11.5265 -4.82392

63.5814 -9.2497 -5.71433
67.2791 -9.84504 -5.61069
69.4933 -8.20312 -3.044
71.3576 -6.65847 -5.89653
72.2538 -7.00412 -9.48878
74.8358 -9.75681 -9.52045

77.8614 -9.50734 -11.7864
76.128 -8.74103 -15.0914
74.6347 -12.0915 -15.7245

72.9076 -13.0976 -18.8634

69.6243 -13.1207 -16.9961
67.8124 -11.4797 -14.0786
64.9324 -12.9836 -12.1053
62.0349 -11.4554 -10.2093
58.8082 -12.8413 -8.77737

55.9071 -12.7672 -6.35553
55.3667 -15.0034 -3.35484
51.7372 -15.8969 -2.8765
51.5427 -17.0528 0.693533

49.0353 -18.7791 2.96342
45.8131 -18.9952 1.04025
43.009 -21.5318 1.08887
41.797 -23.1882 -0.895488
43.3357 -23.2946 -4.27386
43.489 -22.2626 -6.96796
45.2021 -18.932 -7.40773
45.8947 -17.4024 -10.7949
48.8733 -15.2371 -11.4682
49.6182 -13.0251 -14.4425
52.3536 -10.5294 -15.1333
51.8212 -7.04865 -16.522

48.1543 -7.86475 -16.9639
48.9872 -10.7405 -19.273
51.3969 -8.69635 -21.3401

54.3891 -10.6718 -20.1084
54.0812 -14.4147 -20.7418
57.5818 -15.4363 -21.746
59.9752 -16.7445 -19.1438
57.3464 -16.9568 -16.4497

57.1186 -19.9743 -14.2317
54.2613 -20.2156 -11.7875
54.9936 -23.0504 -9.3895
52.4615 -25.498 -8.21707
51.1328 -24.8281 -4.74654
52.554 -26.6791 -1.80281
50.4801 -27.579 1.20279
52.1021 -25.9894 4.22198
52.1728 -27.7172 7.61193

49.5609 -25.1663 8.34742
46.3799 -25.7168 6.55835
47.4588 -23.0891 4.03146
48.8125 -23.1916 0.476646
51.7241 -21.1755 -0.897205
53.1953 -20.6336 -4.36011

55.7226 -18.4588 -6.05371
55.6106 -17.0559 -9.57491
58.8388 -15.9895 -11.1521
59.957 -14.4457 -14.3965
63.3857 -14.2723 -15.9879
64.5365 -11.6843 -18.499

67.7432 -11.1426 -20.3587
69.8535 -8.59579 -18.5326

69.8822 -6.25056 -21.4982
66.077 -6.28662 -21.7401
65.4088 -6.00702 -17.9997
65.3211 -2.20312 -18.0893
62.6543 -2.28183 -20.7443

59.6299 -2.72987 -18.4977
58.1299 -2.65806 -15.0054
57.1498 -5.94799 -13.4291
53.8254 -6.41305 -11.6974

52.292 -9.6649 -10.6172
48.5135 -9.87313 -10.7947
47.1235 -12.3863 -8.3412
43.5097 -13.4712 -8.22524
41.9969 -15.691 -5.55005
38.3488 -16.1251 -6.4437

37.181 -17.9106 -3.35929
38.4733 -15.0493 -1.22331
37.4262 -12.4776 -3.77099

40.944 -11.2003 -3.44207
42.7582 -9.51243 -6.25007
46.1156 -7.94441 -5.69073
48.6719 -6.30216 -7.8879
52.1887 -6.18751 -6.66457
54.8824 -4.23961 -8.39537
58.2718 -5.67925 -7.7889
60.5905 -2.71288 -7.54876
63.6298 -3.09564 -9.79254
65.8367 -0.875328 -7.60432

67.7551 0.336286 -10.6108
69.2112 3.50733 -9.18997
71.8723 4.1553 -6.61174
72.7001 7.2362 -4.50847
76.0728 7.73487 -2.87699
79.2714 6.56146 -4.47051
79.1992 2.84645 -5.31735
81.4593 1.87288 -2.40848
82.4843 3.09314 0.999794
84.677 6.13511 1.34139
86.1713 8.1592 4.10717
84.189 11.1415 5.34746
87.0618 13.5561 4.63842
87.1532 15.1778 1.21614
90.4054 15.6216 -0.655567
93.3021 13.4564 0.247386
93.3945 11.1931 3.26371
95.646 11.6059 6.25802

End chain 3
39.5935 -56.6561 -20.6865
42.2168 -55.5385 -23.1434

45.4458 -54.5551 -21.4626
47.5894 -51.8273 -22.961
51.2013 -52.0588 -21.9212
53.7496 -49.3275 -22.215
56.8027 -51.1168 -20.9654

59.0415 -48.1146 -20.818
57.5913 -45.6348 -18.3606
60.4952 -43.23 -18.5709
62.3919 -42.3838 -21.7172
65.3306 -40.0849 -21.9947
65.8547 -38.2715 -25.2754
68.0291 -35.4704 -26.5918
66.6811 -32.339 -28.2755
66.7347 -32.8871 -32.0647
66.6615 -36.6905 -31.7443

63.8525 -38.909 -32.9632
61.9405 -40.5938 -30.1806
59.637 -43.5575 -30.2491
57.163 -44.5584 -27.615
55.6218 -47.9481 -27.9125
52.4496 -49.5999 -26.6814
51.2808 -53.1689 -27.1259
47.8177 -54.6233 -26.6374
47.0027 -57.997 -25.1383

44.9398 -58.736 -28.243
44.4466 -57.3007 -31.7305
43.1812 -53.7146 -31.638
42.4788 -53.4616 -35.3477
44.1716 -50.0492 -35.3822
41.6294 -48.5138 -33.0736
44.2924 -46.7604 -31.085

44.7149 -43.1238 -30.0768
47.6291 -41.2599 -28.5076
47.3276 -38.5186 -25.9217
49.8407 -36.0952 -24.4825
49.5918 -34.814 -20.972
51.6856 -31.8673 -19.8587

52.9658 -31.5314 -16.3858
50.1661 -29.0585 -15.6823
47.794 -31.9579 -16.1323
46.2816 -30.7574 -19.3671

45.5811 -33.5081 -21.865
45.506 -33.2418 -25.644
44.7921 -35.7144 -28.4114

47.7322 -36.0888 -30.7631
46.8304 -38.999 -33.0146
43.6993 -40.9857 -33.7308
43.0835 -44.244 -35.5635
46.7543 -45.1062 -35.2078
48.1025 -42.5913 -37.6544
45.8805 -39.6239 -38.2455

47.1781 -36.3743 -36.8417
44.7539 -34.2922 -34.8848
44.4509 -30.8217 -36.3163

46.831 -28.3664 -34.7481
49.3108 -31.1211 -34.0093
52.7307 -30.6154 -35.4462
53.879 -32.8256 -38.2976

56.7332 -33.9576 -36.0611
54.2903 -36.3955 -34.5375
53.4375 -39.5777 -36.3714

51.7815 -42.8483 -35.4121
52.2862 -46.3365 -36.77
51.6161 -50.0127 -36.1542
48.8349 -52.5477 -36.5025

47.5502 -55.5855 -34.6957
49.0326 -55.5864 -31.1997
51.8903 -53.144 -31.5508

51.7059 -49.3923 -31.9821

54.2408 -46.5839 -31.7783
54.1825 -42.8178 -31.5494
57.2025 -41.2078 -33.1026
58.5322 -37.7114 -32.7463
60.6882 -36.9143 -35.7422

62.7079 -34.2802 -33.9596
62.1487 -33.4642 -30.2945
61.3629 -29.9286 -29.3055
61.3844 -28.7841 -25.729

57.6071 -28.247 -25.7893
57.362 -32.0135 -26.171
58.1063 -32.6166 -22.487

55.1031 -34.5992 -21.3265
53.7129 -38.0485 -20.6321
52.2965 -39.9183 -23.5919
49.476 -42.4127 -23.3254
48.0636 -44.9582 -25.7518
44.3356 -45.7857 -25.6462
42.3837 -48.5773 -27.3398

38.7711 -48.1795 -28.5649
38.4453 -51.6668 -30.0608
36.4689 -53.0502 -27.1446
34.8604 -51.8778 -23.9304
36.0297 -50.9859 -21.5303

38.3263 -48.491 -23.1558
41.7652 -49.0117 -21.6971
44.908 -46.8593 -21.587
48.594 -47.665 -21.4294
50.6406 -46.8587 -18.3154
52.1794 -43.8674 -20.0405
55.6821 -42.8349 -20.9788
57.2267 -39.7381 -19.4439
60.0268 -38.1121 -21.3703
63.1716 -36.8168 -19.7355
64.7892 -34.4074 -22.1511
68.5605 -34.2679 -22.3416

70.0071 -30.8436 -22.8531
73.3606 -29.1457 -22.4152
74.5591 -28.6352 -18.8703
73.5436 -25.4398 -17.1524

74.4629 -24.5042 -13.6043
71.8206 -23.2468 -11.2908
71.5667 -19.7229 -9.971
71.1906 -19.9874 -6.23499

69.2391 -17.832 -3.80063

68.5839 -18.0911 -0.0723653
65.5776 -16.761 1.8556
65.2478 -16.3125 5.59052
62.1096 -16.9547 7.53942
59.678 -14.0737 7.86186
58.8604 -12.6986 11.2726

55.2395 -13.3223 10.4447
56.0634 -17.0285 10.3784
58.4778 -16.8571 13.3208
55.8096 -15.4849 15.5838
53.9862 -18.8116 15.2793

56.9615 -20.7801 16.5358
58.3866 -22.334 13.3918

61.0883 -21.1328 11.0119
61.4287 -22.1363 7.39303
64.61 -21.3361 5.4907
64.4995 -21.7705 1.7421
67.2268 -22.3204 -0.825161
66.3569 -21.9891 -4.49856
68.2566 -23.5594 -7.37953
66.9885 -22.0146 -10.5631

67 -23.2568 -14.1614
69.6439 -25.9738 -14.169
70.3195 -29.2263 -16.0096
70.8679 -32.088 -15.2742
68.5177 -32.8014 -12.3942
71.1152 -34.2668 -10.054
72.2508 -31.6988 -7.51801

73.4958 -31.7431 -3.95737
72.116 -29.1586 -1.62618
73.9157 -28.7479 1.6503
72.6462 -26.7089 4.64553

74.9054 -25.4762 7.40902
74.1248 -23.4436 10.4124

77.0627 -21.8709 12.1396
79.2596 -24.087 10.0191
77.5124 -27.2264 11.1638

76.2602 -29.5811 8.50051
72.5849 -30.2668 8.97304
70.8403 -33.5109 8.21122

67.2589 -34.7732 8.34719
65.826 -31.2531 8.73228
65.226 -30.3328 5.08267

62.8379 -31.3133 2.31605
63.3925 -30.9007 -1.40032
60.9254 -30.1709 -4.23667
61.656 -30.1737 -7.9342
59.6629 -28.6688 -10.7529
58.9569 -30.4941 -13.9773
61.3315 -29.6681 -16.7722
60.6562 -26.3254 -18.4376
58.8908 -26.4323 -21.7772

61.1182 -23.8001 -23.3456
64.412 -24.2532 -21.4738
64.172 -27.9335 -20.483

65.7565 -27.0075 -17.1572

64.6711 -27.8568 -13.634
64.2743 -25.7057 -10.5576
64.7806 -27.0136 -7.03593
63.7583 -25.8153 -3.59338
65.2993 -26.9787 -0.333706
63.4801 -25.9926 2.81209
65.1018 -26.2889 6.1882
62.615 -26.2066 8.99563

63.5102 -25.4894 12.5961
61.738 -24.4478 15.7593
61.8877 -20.7632 16.5494

64.0922 -21.4753 19.5028
66.5518 -23.4035 17.4292
66.5164 -20.7453 14.7326
67.3194 -17.9868 17.2144
70.1306 -20.1387 18.5703
72.2665 -19.6861 15.4615

73.576 -16.714 13.4881
74.6541 -18.0251 10.1025
72.5921 -19.9982 7.64263
73.8232 -21.1034 4.32929

73.2336 -23.4368 1.47771
76.0277 -24.8885 -0.556794
75.1706 -26.3045 -3.91756
77.1857 -28.7963 -5.90599

76.3474 -29.4021 -9.54462
77.9668 -30.5767 -12.7628

77.6535 -27.0424 -14.1021
79.6855 -25.5442 -11.2712
83.3983 -26.1328 -10.9827

83.2546 -25.5271 -7.26099

80.338 -25.4145 -4.93213
78.4182 -22.188 -4.67602
77.2648 -20.952 -1.29851
74.5432 -18.4812 -0.438498

74.4442 -17.2084 3.08765

72.7166 -14.9052 5.49656
73.3187 -13.7708 9.05374
70.4381 -13.5177 11.4094
71.1003 -9.82046 12.0262

72.49 -9.57666 15.5065
75.1132 -6.94293 16.067

End chain 4
