35.1977 29.4596 27.9867
33.8198 28.7342 24.5652
35.7374 26.2458 22.5074

35.14 24.8884 19.0564
37.248 21.847 18.4896
37.4852 20.5049 15.0137
38.2959 17.0276 13.7955
41.8031 16.2789 12.5523
43.2226 16.4546 9.10687

41.9652 14.1275 6.39329
43.4097 12.7274 3.23054
40.6347 11.7181 0.917631
40.3933 10.4 -2.62844
38.8212 12.3186 -5.39671
35.1572 11.5168 -5.8415
34.9485 10.556 -2.18514

33.1929 12.4668 0.565298
34.4993 13.6352 3.9211
32.7232 14.8724 6.9731
34.2951 17.2542 9.45498
33.1061 17.7275 12.9918
33.0595 20.6816 15.3206
32.4389 19.8498 18.9064
31.4791 22.8816 20.8725

31.6057 23.4766 24.5856
31.2914 26.2817 27.0875
27.9266 27.5643 25.9056
24.45 26.4166 24.9584
24.8112 24.9422 21.4908

21.1837 25.4654 20.4876
21.4916 29.1882 21.1988
23.9683 30.1107 18.4647

24.1188 29.7316 14.7
27.1239 27.8573 13.3626
28.8375 28.955 10.1561
31.5314 27.261 8.11664
34.3 28.9426 6.13621
36.7837 27.6192 3.60837
40.2671 28.921 3.10422
42.3142 27.7036 0.191455

46.0019 27.972 -0.662711
45.5887 31.6193 -1.66654
44.3624 32.0842 1.88003
41.1896 33.5025 0.44641

38.1866 33.2313 2.7425
34.8103 31.9928 1.58784
31.5592 31.5849 3.46822

30.1754 28.1358 2.75106
26.9962 28.1903 4.82459

25.452 28.056 8.27814
22.8916 26.1179 10.2856
20.562 26.9038 13.1145
21.1415 24.1919 15.6023

17.7514 24.4898 17.2098
15.7098 23.8836 14.0495
18.2999 22.4255 11.6801

17.5126 25.0405 9.04983

20.4178 25.8609 6.81937
21.5818 28.5691 4.4555
24.2341 27.8421 1.86876
26.3787 29.8833 -0.42217
25.1689 28.9549 -3.87378

28.6838 28.1038 -4.91523
28.6497 25.417 -2.18826
25.1042 24.1269 -2.70592
26.242 20.9814 -4.49692
29.3836 20.5815 -2.36744
28.4526 20.8699 1.28856

25.8814 19.5784 3.73423
25.6273 20.8947 7.27006
24.0786 18.9315 10.116

24.0444 19.0262 13.8841
23.8395 16.5393 16.7242
22.187 18.3658 19.5976

22.9385 15.6646 22.1352
26.6635 15.8977 21.3462
26.6062 19.6689 20.9086

28.4962 19.07 17.6939

28.088 20.4319 14.1808
29.1555 18.5806 11.0694
29.9503 19.5489 7.51387
30.2636 16.9259 4.87332
31.6828 17.568 1.44987
30.9265 15.3586 -1.51992

32.384 14.7306 -4.97082
35.7716 15.8682 -3.77539
38.2073 17.4342 -6.1911
41.6377 18.9803 -5.73199

39.817 22.2865 -5.66614
38.3509 21.0848 -2.37456
41.7439 20.8518 -0.713105

41.7159 23.6064 1.85658

41.3634 24.4541 5.50705

37.8098 24.4632 6.80098
36.7261 26.43 9.824
33.6376 26.1885 11.9287
32.5468 29.3388 13.6322
29.9944 30.7346 16.1067
27.8035 33.6364 15.2219
26.8861 36.0759 17.9615
24.2651 38.7158 18.1362
25.4066 41.7478 20.0236

21.816 42.5758 20.8723
21.7225 45.164 18.1539
21.0231 43.6912 14.6751
24.697 43.0451 14.2736
26.1106 39.6503 13.5414
29.7025 38.602 13.7851
31.6887 35.4187 13.9637
32.9136 35.6162 17.5725
34.6596 32.3242 17.9046

36.4715 30.2098 15.3851
37.6199 26.6199 15.4122
41.2326 25.5557 14.8305
40.5092 24.6207 11.2632
40.7869 21.2562 9.55152
43.0736 20.6723 6.61215
41.5901 18.4492 3.97179
43.8152 17.2211 1.20351
42.2327 15.5778 -1.79081

44.6702 13.3348 -3.589
45.0955 9.9614 -5.2104
48.4682 9.64157 -3.50513
48.6966 7.3619 -0.500044
49.6785 8.57845 2.92343

53.1201 8.01491 4.26925
54.4095 8.79946 7.73671
57.443 10.8851 8.34065
60.8831 9.71814 9.29976
62.279 11.763 12.1518
65.9945 12.3761 12.3692
67.9467 14.2469 14.9406
69.6024 17.5552 14.2014

72.6507 17.8833 16.3969
75.8534 19.7531 15.8711
79.0265 17.8706 15.3808
80.4089 19.6168 18.3932
80.0113 22.4575 20.8596
83.7726 22.9131 21.3322
84.457 26.4664 22.4195
80.9275 27.338 23.2536
79.0051 30.1682 21.7328
76.3029 32.1331 23.4364
73.6253 29.7953 22.1636
73.3002 26.1856 21.0693
70.7527 24.7654 18.6632
69.283 21.3307 18.0391
66.2576 20.0256 16.22

64.4403 17.2616 14.42
64.116 16.7177 10.7088
60.6898 15.4608 9.74119
61.1538 13.9971 6.3234

59.2024 12.4787 3.4803
55.596 12.6497 4.64578
52.2661 13.0976 2.88838
49.9251 14.7495 3.26167
50.4129 17.5884 5.61576
50.1132 18.6083 8.31044
52.5031 17.3891 10.9703
52.636 18.744 14.5011
55.8019 18.9949 16.4862
56.283 19.6587 20.1767
59.3174 19.5414 22.4137
59.5334 17.8512 25.7908

55.8503 17.0652 25.5114
55.0116 20.7506 25.3157
57.2385 21.673 28.225

59.6467 23.5832 26.0207
58.0233 26.2823 23.8963
60.5578 29.1048 23.973
63.0939 29.4708 21.1974
61.3737 26.8315 19.1142

60.9136 27.3829 15.4084
58.9999 24.8342 13.3862
59.4778 25.6054 9.71539
56.7596 25.4098 7.18721
56.8304 22.2689 5.09563
58.4 22.338 1.67334
57.1502 20.1794 -1.13029
60.0183 18.1139 -2.4662
60.3278 17.4646 -6.19329

59.1569 14.14 -5.01106
55.5754 14.1658 -4.03354
56.5644 14.2342 -0.386552
56.8102 16.9709 2.28108
59.7313 17.7386 4.58611
60.0461 20.0206 7.58843

62.4953 20.7712 10.3818
61.8414 21.9842 13.9061
64.6484 23.5637 15.8622
65.1851 25.0311 19.2853
67.8861 27.3226 20.5582
68.9512 27.6679 24.181

71.4787 29.7909 25.9494
74.7082 27.8873 26.3494

74.6246 28.1638 30.1161
71.136 26.6281 30.2346
71.7081 23.866 27.6894
72.8324 21.272 30.2626
69.6637 21.8001 32.2732

67.4074 19.5394 30.1838
67.037 16.7335 27.6918
65.5618 17.5972 24.3313
63.0486 15.3532 22.679

60.7869 16.2462 19.7876
57.297 14.8201 19.6292
56.0153 14.4261 16.0933
52.4264 13.6038 15.2069

51.1812 12.7454 11.7227
47.4621 12.0481 11.9668

46.7985 10.7969 8.49208
49.466 8.14371 8.87961
48.6044 7.64241 12.5372

52.3017 8.04306 13.2291
53.5889 9.3139 16.5382
57.2762 9.41661 17.1477
59.5153 10.724 19.8681
63.0949 11.484 19.0435
65.5594 12.4151 21.7081
68.3637 14.4948 20.3704
71.5039 13.3321 22.1377
73.4623 16.2128 23.6828
76.7648 14.3479 23.4632

77.9789 16.1793 26.5336
80.6659 13.6811 27.5564
84.0541 12.7503 26.1626
86.7949 10.1061 26.9538
90.6354 10.0033 26.8049
90.6868 12.7047 24.1851
92.3925 12.7392 20.8097
93.1077 16.5373 20.4112

96.7335 17.4701 20.082
98.3554 20.6258 21.3908
98.5189 23.703 19.2426
101.942 24.9607 18.2765

103.768 27.1168 20.7612
106.66 29.1702 19.4168
110.056 29.2377 21.034
113.593 28.2554 20.4014
114.502 24.6287 20.1393
117.362 22.8287 21.7648

End chain 1
28.7121 45.3329 21.5365
31.515 46.9993 23.4417

34.454 47.8473 21.2647
37.8695 47.8972 22.8493
40.4371 49.9772 21.0588
44.137 49.9705 21.4065
45.1288 52.6861 19.0177

48.8141 51.9775 19.0789
49.3357 48.5621 17.5671
53.104 48.8406 17.6305
55.0813 50.4291 20.4199
58.8074 50.8788 20.522
60.4668 50.8653 23.9363
63.9972 50.8002 25.3212
65.1531 48.2773 27.8544
64.8033 49.6319 31.3708
62.2659 52.1556 30.1717

58.7277 52.4838 31.4934
56.18 51.4098 28.9555
52.4985 52.1589 28.9104
49.9278 50.3497 26.8099
46.5087 51.9245 26.5626
43.0566 50.5438 25.8794
39.772 52.4488 25.6688
36.2466 51.0777 25.7165
33.3534 52.4858 23.7242

31.3207 52.4935 26.9313
32.1165 52.3657 30.6461
33.3408 48.9041 31.6717
33.3618 49.6141 35.4037
36.8701 48.2324 35.8426
35.9604 44.8381 34.4879
39.111 44.6872 32.4283

41.8482 42.0871 32.1453
45.2123 42.1928 30.3961
46.8533 39.3023 28.5888
50.3363 38.7861 27.2194
50.9038 36.6871 24.1545
54.4192 35.8608 23.2004

55.6265 35.0436 19.771
55.1549 31.3237 20.4287
51.4798 32.0686 20.5292
51.3236 31.2177 24.2057

48.9592 33.4305 26.1998
49.1554 34.3378 29.8671
46.952 36.4597 32.0975

48.8719 39.3387 33.6414
46.2561 41.4806 35.3487
42.6242 41.0774 36.3229
39.9911 43.5513 37.4852
42.1797 46.302 36.0645
44.639 46.3854 38.9889
45.1926 42.9101 40.3537

48.3426 41.041 39.4532
47.9804 37.4141 38.5726
50.1176 35.2487 40.7788

53.5123 34.6455 39.2732
53.5176 37.9289 37.4049
56.368 40.1964 38.1847
55.6965 43.3628 40.1452

56.9645 45.415 37.2434
53.5369 44.9505 35.6985
50.757 47.1758 36.9575

47.2939 48.1033 35.7196
45.343 51.3092 36.1154
42.312 53.2348 34.9054
38.5565 53.3426 35.3092
35.5314 54.1228 33.2218
36.5178 53.8642 29.5631
40.2843 54.1912 29.7852
42.7447 51.626 31.0837

46.5015 51.216 30.9384
49.0171 48.4528 31.4883
52.3649 49.7336 32.6644
55.7016 48.0512 32.8451
57.8948 49.8651 35.3047

61.1529 48.7441 33.8162
61.1191 46.8133 30.5955
62.9578 43.5178 30.419
63.8023 41.565 27.3116

61.4044 38.747 28.2761
58.6266 41.3296 27.974
58.7007 41.117 24.1781

55.1302 40.1836 23.3143
51.7427 41.4857 22.2494
49.4786 42.7706 24.9841
45.7066 42.6136 24.8025
42.9792 44.1418 26.9469
39.6618 42.3454 27.4308
36.4033 43.5642 28.97
34.0212 41.3326 30.953

31.4525 44.0504 31.679
29.0133 42.8148 29.0719
28.5718 39.9133 26.7073
30.0113 39.3118 24.2951

33.4176 39.6135 25.8488
35.5808 41.6895 23.5412
39.3332 42.2075 23.2294
41.4601 45.112 22.0851
43.441 44.9123 18.8311
46.6382 44.3572 20.7755
49.9173 46.1932 21.0978
53.1208 44.5314 20.066
56.3389 45.8411 21.5013
59.4431 46.5099 19.4588
62.2885 46.5261 21.9046
65.1871 48.7818 21.1936

68.619 47.7704 22.3065
72.1787 48.5341 21.2865
73.2435 47.8836 17.7295

74.6897 44.4686 17.04
75.9463 43.2662 13.6791
74.857 39.9548 12.3304
77.0755 36.9257 11.9725
76.4919 35.659 8.50121

76.5268 32.1408 7.06324

75.8443 30.7223 3.61462
74.5766 27.2221 2.80137
74.6222 25.5104 -0.565202
71.8152 23.3597 -1.82932
72.0184 19.6855 -0.986517
72.3085 17.0402 -3.66774

69.2117 15.5251 -2.17383
67.2974 18.6318 -3.18233
69.1314 19.1308 -6.4782
68.1041 15.7925 -7.87049
64.4973 16.9963 -7.77376

65.2913 19.8867 -10.0763
65.3407 22.8655 -7.74561

68.1716 24.4951 -5.8242
67.7672 26.5911 -2.71005
70.6699 28.613 -1.40999
70.2856 30.1017 2.00446
72.0517 32.8942 3.76949
71.58 33.4079 7.48605
71.99 36.6251 9.45322
72.2031 35.7125 13.1023

71.4171 37.7456 16.227
71.4394 41.3493 15.0215
69.6997 44.6325 15.8569
68.1092 46.7317 14.4236
65.9508 44.7069 12.0799
66.7528 46.723 8.95469
69.2937 44.8904 6.8372

70.0992 44.5778 3.16289
70.7328 41.1294 1.85868
72.2195 41.0305 -1.59044
72.6321 37.9074 -3.72249
75.4272 37.5934 -6.27065
75.9307 34.7984 -8.73056

79.2762 34.7497 -10.4938
79.2227 38.3962 -9.43647
75.9477 39.0664 -11.1725

73.4814 40.51 -8.79081
70.1668 38.8431 -8.56114
66.7464 40.3558 -8.20728

63.319 38.8366 -7.68775
64.5384 35.3185 -6.97075
64.7631 35.3884 -3.19478

62.5102 35.5514 -0.149913
63.3821 36.6124 3.36766
62.0407 35.5062 6.73232
62.7084 37.0982 10.0853
62.2704 35.6716 13.5283
60.579 37.5591 16.3026
62.887 39.4038 18.6638
64.6608 37.0402 21.0298
63.4665 37.1028 24.6098

66.9528 37.1292 26.0801
69.0438 39.2345 23.661
66.2643 41.1511 21.852

67.9864 40.4602 18.538

66.5662 39.2762 15.2264
67.7206 36.5467 12.8821
66.9307 36.5313 9.19133
67.1493 34.024 6.37318
67.3517 34.8239 2.69719
66.6745 31.9752 0.313148
67.5305 32.1568 -3.33694
65.6545 29.668 -5.46752

67.0621 28.5865 -8.82584
66.3582 25.7888 -11.2389
68.8998 23.0004 -11.1588

70.0129 23.9114 -14.6419
70.564 27.4988 -13.6522
72.3959 26.508 -10.4987
74.8006 24.3056 -12.4235
75.3953 27.1645 -14.82
77.4055 29.196 -12.3399

80.3537 28.7035 -9.9794
80.0689 31.1706 -7.19819
77.1912 32.092 -4.97213
77.5978 34.9651 -2.59517

75.4631 36.7843 -0.0497587
76.3903 40.3493 0.775237
75.0641 41.8504 3.95445
74.8452 45.5205 4.81381

73.8874 46.5672 8.31956
74.3056 49.5031 10.6776

76.4729 47.3267 12.8848
78.9499 46.5446 10.1789
81.3402 49.1417 8.82477

81.5095 47.6781 5.33008

79.4104 44.9378 3.90392
80.1297 41.3415 4.80732
80.1988 38.7136 2.12046
80.0115 34.9746 2.43067

80.2383 32.7351 -0.585255

81.5443 35.2196 -3.21988
82.3391 37.908 -5.78739
82.2311 41.2425 -7.58378

80.7602 41.5304 -11.1775
81.3416 43.2577 -14.5609
84.7807 44.1586 -15.8002

End chain 2
38.2473 -22.1287 -34.039
36.8805 -24.9173 -31.934
37.0613 -24.0298 -28.3005

35.8756 -25.6086 -25.0907
35.8593 -23.0612 -22.3282
35.375 -24.495 -18.8661
34.2129 -22.73 -15.7382
36.7169 -21.5223 -13.1522
38.1307 -23.199 -10.13

35.8349 -23.994 -7.27216
36.0576 -24.5381 -3.50917
33.4754 -26.8874 -2.2022
32.7562 -28.4593 1.15487
32.6556 -32.1363 1.63573
29.2052 -33.5841 1.11729
28.3458 -30.7311 -1.22466

27.8666 -30.8985 -4.97762
29.5824 -28.9547 -7.75047
28.571 -28.2623 -11.3279
31.2246 -27.6365 -13.97
30.3929 -26.1273 -17.3323
31.9232 -26.5288 -20.766
30.8423 -23.8739 -23.1829
31.655 -24.8932 -26.6974

31.9514 -22.7553 -29.782
33.202 -22.9635 -33.3326
31.269 -26.0781 -34.2891
27.8135 -27.6177 -34.2027
27.372 -28.7639 -30.6248

24.8627 -31.4852 -31.439
27.2307 -33.0749 -33.9501
29.8699 -34.3058 -31.4977

29.9 -36.4311 -28.3466
31.3858 -34.7993 -25.2762
33.4726 -36.7371 -22.7743
34.7994 -35.796 -19.3723
38.0954 -36.8268 -17.7965
39.4819 -36.5699 -14.2937
43.0959 -35.7719 -13.4688
44.1665 -36.2753 -9.85615

47.3363 -35.2524 -8.04726
49.1259 -38.3182 -9.41739
48.3343 -36.8517 -12.8186
46.5901 -40.0874 -13.6163

43.8721 -39.8064 -16.2226
40.4788 -41.3795 -15.8591
37.4739 -41.4167 -18.1655
34.3635 -40.2784 -16.2918
31.7413 -40.6239 -19.0117
30.2688 -39.0299 -22.1105
27.0291 -37.6143 -23.4383
25.4448 -37.3891 -26.8536
24.2518 -33.8423 -27.0678

21.6389 -34.5825 -29.6533
19.8975 -37.3853 -27.6825
21.0118 -36.6137 -24.1622

22.0681 -40.2444 -23.8811

25.0219 -40.8809 -21.6359
27.5791 -43.5457 -20.7823
29.4187 -43.5549 -17.495
32.445 -45.2694 -16.1037
31.0868 -47.5396 -13.4124

33.4471 -46.0443 -10.8932
31.7514 -42.6733 -11.5227
28.1277 -43.8521 -11.6799
27.3344 -42.6046 -8.19234
29.5456 -39.5109 -8.50362
28.8337 -37.7386 -11.7632

25.9311 -36.6184 -13.864
26.3028 -35.2279 -17.3558
23.8034 -32.9016 -18.9807

23.6663 -30.5596 -21.9269
21.9428 -27.3123 -22.78
21.6132 -27.2788 -26.5463

20.4517 -23.6814 -26.607
23.6799 -22.4575 -25.0058
25.7948 -25.1931 -26.6369

27.1982 -26.0378 -23.2338

27.7887 -29.3263 -21.4599
27.7671 -29.7457 -17.7102
29.0297 -32.2722 -15.1999
27.8575 -32.2132 -11.666
29.5737 -34.1898 -8.98263
27.815 -35.0182 -5.73659

28.7567 -36.2339 -2.264
32.1529 -34.6516 -2.65333
35.1102 -35.9315 -0.692275
38.7986 -35.0884 -0.813414

39.2315 -37.8744 -3.32169
37.204 -35.6809 -5.67145
39.7604 -32.9067 -5.58102

41.2214 -32.9274 -9.05968

41.284 -31.229 -12.4206

38.3514 -32.0442 -14.6635
38.5309 -31.8405 -18.4206
35.8031 -31.6198 -20.9776
36.6292 -33.0529 -24.3861
35.1108 -33.4377 -27.8296
35.1077 -36.7277 -29.6704
35.9206 -36.6776 -33.3348
35.1136 -39.3273 -35.856
37.6482 -39.7086 -38.5874

35.0775 -41.2617 -40.8948
36.1105 -44.8354 -40.2767
35.1784 -46.0399 -36.7887
38.1056 -44.3189 -35.1799
37.3052 -42.2137 -32.1682
39.6032 -39.7953 -30.4305
39.3533 -36.7663 -28.1863
40.2618 -34.1244 -30.7407
39.8281 -31.0452 -28.5713

40.2127 -30.5848 -24.8554
39.0912 -27.8665 -22.5075
41.4438 -25.9404 -20.2431
40.4564 -27.9592 -17.1852
38.8017 -26.9656 -13.9323
40.4677 -27.4472 -10.5812
38.0582 -28.4523 -7.90944
39.2639 -28.5132 -4.37165
37.1942 -30.2164 -1.73653

37.9664 -28.936 1.70475
36.4645 -27.7009 4.94689
38.9451 -24.8358 5.01923
37.7026 -21.405 4.05176
39.0396 -19.4666 1.1139

41.7311 -16.9175 1.72512
42.9189 -14.402 -0.869316
46.5922 -13.8848 -1.397
48.6994 -10.9637 -0.319691
50.8894 -9.70443 -3.12009
54.2648 -8.24039 -2.29677
56.8323 -6.82126 -4.61092
60.1252 -8.53269 -5.31905

62.6555 -5.84819 -6.07479
66.3827 -5.84798 -5.6931
68.1155 -3.82737 -3.02827
69.9215 -2.06139 -5.78837
71.1252 -2.32896 -9.29643
74.1017 -4.63781 -9.06231

77.2107 -3.95521 -11.1163
75.629 -3.53632 -14.5569
74.7302 -7.09253 -15.191

73.4201 -8.41915 -18.4115

70.0514 -8.92669 -16.78
67.7932 -7.53838 -14.0486
65.0458 -9.44179 -12.2379
61.8119 -8.35623 -10.598
58.7448 -10.2085 -9.35505

55.6961 -10.5489 -7.14674
55.2912 -12.785 -4.12467
51.8212 -14.2331 -3.87585
51.5454 -15.337 -0.29475

49.1778 -17.3953 1.8447
46.1812 -18.1559 -0.292927
43.8133 -21.1033 -0.364347
43.0266 -22.9684 -2.37759
44.8097 -22.8939 -5.6345
44.9991 -21.9021 -8.34137
46.1972 -18.3511 -8.76095
46.8913 -16.7959 -12.136
49.5357 -14.1991 -12.6639
50.1437 -11.954 -15.6445
52.498 -9.07003 -16.217
51.5315 -5.74466 -17.7452

48.0808 -7.13979 -18.419
49.5232 -9.89066 -20.5749
51.7298 -7.53018 -22.5288

54.8946 -8.98272 -21.0299
55.2248 -12.7385 -21.5688
58.907 -13.2114 -22.2926
61.2758 -14.074 -19.4897
58.5199 -14.6488 -16.9821

58.6035 -17.6215 -14.6945
55.6457 -18.2661 -12.4512
56.6328 -20.9028 -9.92223
54.4353 -23.698 -8.85673
52.764 -23.1811 -5.51035
54.2349 -24.7272 -2.4188
52.1102 -25.887 0.459487
53.2342 -24.0033 3.53539
53.3226 -25.6332 6.97307

50.2961 -23.5149 7.44476
47.3824 -24.5965 5.45393
48.221 -21.8796 2.9302
49.8344 -21.8339 -0.515758
52.4881 -19.4084 -1.74223
54.1094 -18.7062 -5.10795

56.3836 -16.1911 -6.6851
56.3151 -14.8909 -10.2466
59.4446 -13.3566 -11.6246
60.545 -11.7171 -14.8278
64.0128 -11.033 -16.1785
64.9274 -8.34355 -18.6803

68.1388 -7.33602 -20.3254
69.6825 -4.45272 -18.4339

69.5637 -2.18945 -21.4604
65.8397 -2.83266 -21.9682
64.86 -2.59132 -18.2943
64.1844 1.14821 -18.5059
61.7675 0.597378 -21.3384

58.6922 -0.281424 -19.2975
56.9441 -0.381773 -15.9232
56.3772 -3.75483 -14.3201
53.0473 -4.70778 -12.8133

51.9664 -8.14038 -11.7449
48.2909 -8.94809 -12.1814
47.1334 -11.6026 -9.75623
43.7357 -13.244 -9.86179
42.3947 -15.6242 -7.23319
38.9363 -16.6478 -8.36764

37.8368 -18.5368 -5.32
38.5025 -15.4667 -3.18671
37.2577 -13.1424 -5.87904

40.4976 -11.3178 -5.34255
42.2286 -9.41752 -8.06613
45.248 -7.32692 -7.32005
47.6715 -5.34246 -9.38099
51.0262 -4.64871 -7.91732
53.5025 -2.33186 -9.51292
57.021 -3.20439 -8.62582
58.8221 0.0959565 -8.31376
62.042 0.157023 -10.3254
63.7051 2.74025 -8.05609

65.628 4.18309 -10.9557
66.4597 7.57127 -9.53338
68.7874 8.68171 -6.79527
68.9638 11.8943 -4.73398
72.086 12.9521 -2.8852
75.5384 12.2703 -4.21316
76.1123 8.57534 -4.94921
78.2745 8.02776 -1.86016
78.8395 9.45967 1.57296
80.4972 12.8166 1.975
81.4462 15.1042 4.776
78.9346 17.7578 5.78214
81.4383 20.5831 5.20364
81.5285 22.1334 1.74838
84.801 23.0512 0.0974848
87.9259 21.39 1.26768
88.1474 19.2278 4.35069
90.0777 20.0491 7.482

End chain 3
42.3754 -53.8816 -19.8086
45.9207 -53.804 -21.0705

48.345 -52.505 -18.491
51.3962 -50.5644 -19.5889
54.1795 -50.6448 -17.0537
57.1176 -48.3218 -16.945
59.0109 -49.765 -14.0438

61.5498 -47.0218 -13.7683
59.7624 -43.7835 -12.9879
62.9224 -41.7605 -12.5617
66.0355 -42.1263 -14.6564
69.2325 -40.2274 -14.2432
71.357 -39.6484 -17.3217
74.3782 -37.5799 -18.2707
74.4496 -35.1184 -21.168
75.8901 -36.9035 -24.2338
74.9517 -40.37 -22.939

72.4791 -42.7009 -24.5977
69.3319 -43.2446 -22.5887
66.7112 -45.9215 -22.8357
63.2527 -45.8388 -21.389
61.3231 -49.0373 -21.3802
57.6659 -49.9952 -21.2592
56.0934 -53.4331 -21.1634
52.508 -54.4366 -21.8596
50.5217 -57.0618 -20.0004

49.7552 -58.6746 -23.3549
50.9747 -58.4612 -26.9511
50.5063 -54.9833 -28.4188
51.3942 -55.9442 -31.9694
53.5958 -52.8441 -32.2022
50.7023 -50.4803 -31.7658
52.648 -48.3213 -29.384

53.3412 -44.5879 -29.3432
55.6999 -42.4796 -27.2407
54.9434 -39.0191 -25.9197
57.1034 -36.4046 -24.2589
55.7417 -34.0117 -21.7199
57.7573 -30.9894 -20.6663

57.5969 -29.5873 -17.2282
55.2917 -26.863 -18.537
52.7732 -29.6029 -19.1582
52.9324 -29.4667 -22.9197

52.7532 -32.8483 -24.6016
54.2341 -33.8564 -27.9405
54.2042 -37.0658 -29.9358

57.6994 -38.3749 -30.5561
57.2109 -41.8126 -32.0713
54.2958 -43.7387 -33.5051
53.8298 -47.3804 -34.4405
56.8131 -48.2862 -32.2901
59.4843 -46.8165 -34.4885
58.3069 -44.0934 -36.7885

59.5525 -40.6428 -35.919
57.0115 -37.8891 -35.8831
57.9869 -35.0852 -38.2009

59.9828 -32.3899 -36.4968
61.3748 -34.8785 -34.0165
65.1109 -35.082 -33.8877
66.8364 -38.1808 -35.212

68.2897 -38.6643 -31.7357
65.0168 -40.3063 -30.8276
64.3536 -43.8632 -31.8888

61.8468 -46.5229 -30.8883
62.1531 -50.2875 -30.8631
60.5872 -53.5008 -29.6123
57.7328 -55.8402 -30.4265

55.2693 -58.0193 -28.6029
55.215 -56.9379 -24.9632
58.3968 -54.924 -24.6881

59.1378 -51.5281 -26.1763

61.882 -48.9656 -25.6691
62.4777 -45.3429 -26.5412
66.1176 -44.5232 -26.9929
67.8552 -41.1924 -27.0736
71.1317 -41.5692 -28.9125

72.7544 -38.613 -27.2324
70.962 -36.588 -24.5684
70.5589 -32.8858 -25.0451
69.3868 -30.6152 -22.2934

66.1273 -29.9103 -24.1478
65.3199 -33.5668 -23.5391
64.4109 -32.9462 -19.8952

60.8685 -34.2486 -19.669
58.67 -37.1805 -18.7291
58.2043 -39.8463 -21.3635
55.0792 -41.9396 -21.6803
54.2734 -45.0629 -23.6696
50.7249 -45.5892 -24.9829
49.0968 -48.6677 -26.5135

46.4188 -48.4928 -29.2536
46.0348 -52.2543 -29.7106
42.836 -52.4661 -27.6988
40.3505 -50.1955 -25.9785
40.6243 -48.6223 -23.6605

43.8174 -46.9522 -24.7355
46.2229 -47.1546 -21.8378
49.421 -45.2758 -20.963
52.5074 -46.1955 -18.991
53.2689 -44.5153 -15.6544
55.9189 -42.3674 -17.284
59.6351 -41.9136 -16.8385
61.0206 -38.5772 -15.7063
64.6141 -37.8543 -16.5779
67.0422 -36.2724 -14.1609
69.9222 -34.9073 -16.1855
73.4083 -35.0591 -14.7355

75.5801 -32.093 -15.4873
78.7483 -30.5445 -14.1141
78.5202 -28.9492 -10.6985
77.5558 -25.3101 -10.5583

77.1595 -23.2977 -7.37986
74.1198 -21.188 -6.90624
74.0606 -17.4172 -6.86391
72.1924 -16.3955 -3.75989

69.9007 -13.4409 -3.12891

67.7862 -12.4004 -0.155233
64.5868 -10.33 -0.190881
62.9004 -8.64069 2.73517
59.1876 -8.41089 3.20555
57.4435 -5.45157 1.61902
55.6295 -2.97049 3.7977

52.5865 -3.62328 1.67645
52.6251 -7.17981 3.00644
53.6599 -6.17567 6.53305
50.6395 -3.97332 6.92036
48.4718 -7.09853 6.78219

50.2575 -8.70336 9.70479
52.4759 -11.2987 8.06986

56.0773 -11.1213 6.88492
57.6184 -13.2946 4.21638
61.3825 -13.3627 3.76096
62.6821 -15.0177 0.626483
66.0373 -16.5516 -0.222777
66.776 -17.417 -3.83744
69.3128 -19.9675 -5.03504
69.7384 -19.5045 -8.741

70.9295 -21.8763 -11.4699
72.7716 -24.5886 -9.56649
73.4684 -28.3026 -9.94465
73.1081 -30.7808 -8.2834
69.7196 -30.3526 -6.65179
70.8361 -31.1001 -3.10696
71.3546 -27.903 -1.15135

71.0534 -26.8271 2.45169
69.3995 -23.5364 3.12598
69.7976 -22.1598 6.60296
67.8729 -19.1669 8.04456

69.0474 -17.2151 11.0564
67.5568 -14.2539 12.7208

69.8171 -12.368 15.0495
72.1929 -15.2892 14.8113
69.5566 -17.7583 15.8941

69.0257 -20.7906 13.7195
65.407 -21.0639 12.704
63.5072 -24.2687 12.1863

59.9928 -25.2025 11.0836
59.2453 -21.679 9.81107
60.3323 -21.9981 6.17197

59.0928 -23.7061 3.03114
61.1424 -24.5923 -0.0189262
60.1951 -24.7102 -3.72737
62.3136 -25.991 -6.5693
61.9365 -25.4015 -10.2696
62.2217 -28.1551 -12.8315
65.6203 -28.4503 -14.4108
66.3293 -25.8231 -17.0562
66.0466 -26.937 -20.6562

69.1819 -25.1146 -21.7509
71.3071 -25.1069 -18.582
69.9778 -28.2239 -16.8209

70.2643 -26.3334 -13.5387

67.7293 -25.8918 -10.7654
66.5773 -22.817 -8.90322
65.381 -22.8998 -5.30731
63.336 -20.5627 -3.14213
63.2 -20.6573 0.642844
60.516 -18.5725 2.26393
60.5762 -17.8173 5.94383
57.2501 -16.6569 7.23329

56.7685 -14.831 10.5065
54.1307 -12.691 12.1476
54.6749 -8.96948 11.8691

55.3437 -8.78057 15.5578
57.993 -11.4305 15.395
59.5501 -9.82909 12.3372
59.829 -6.45153 14.0481
61.3923 -8.18615 17.0347
64.6278 -8.92366 15.1856

67.1667 -6.86348 13.2486
69.2169 -9.29097 11.1878
67.9539 -11.8492 8.72689
70.1533 -14.0678 6.73792

70.2955 -17.1816 4.68651
73.3229 -19.3897 4.5718
73.6067 -21.7951 1.71381
75.7129 -24.9209 1.58523

76.2824 -26.658 -1.72648
78.7789 -28.9327 -3.44477

79.7212 -26.0374 -5.70579
80.7173 -23.8 -2.80924
83.8184 -24.4733 -0.773644

82.335 -22.6513 2.17912

78.8186 -21.5975 2.86263
77.6277 -18.3651 1.34789
75.4983 -16.0065 3.38956
73.2008 -13.2364 2.24935

71.9657 -10.8549 4.86974

69.914 -7.78272 5.53608
69.2685 -5.56174 8.52836
65.8013 -4.3688 9.21168
66.8763 -0.723204 9.0059

66.7931 0.588418 12.5238
69.4411 3.10071 13.423

End chain 4
