40.972 18.575 30.58
39.065 20.592 28.045
39.495 19.566 24.458

38.012 20.93 21.288
38.531 18.508 18.481
37.8 19.67 15.009
36.9 17.7 11.92
39.59 16.983 9.34
40.576 18.901 6.296

38.161 19.277 3.4
38.52 19.868 -0.284
35.355 21.361 -1.634
34.198 22.716 -4.98
33.325 26.288 -5.523
29.649 26.993 -5.018
29.432 24.041 -2.657

28.971 24.166 1.094
30.998 22.531 3.842
30.26 21.983 7.469
32.956 21.707 10.107
32.466 20.138 13.49
33.942 20.817 16.883
33.404 18.116 19.403
34.057 19.331 22.878

34.817 17.378 26.003
36.007 17.913 29.542
33.42 20.512 30.499
29.71 21.233 30.367
29.034 22.26 26.787

25.903 24.268 27.564
27.858 26.43 30.006
30.188 28.149 27.541

29.764 30.215 24.396
31.509 28.88 21.313
33.181 31.234 18.846
34.651 30.559 15.43
37.649 32.271 13.85
39.039 32.231 10.332
42.669 32.538 9.431
43.673 32.938 5.827

47.004 32.662 4.03
48.1 36.052 5.367
47.574 34.481 8.766
45.191 37.285 9.536

42.624 36.459 12.199
38.943 37.218 11.824
36.051 36.624 14.181

33.249 34.959 12.257
30.641 34.558 14.986

29.562 32.699 18.102
26.643 30.727 19.492
25.191 30.145 22.898
24.803 26.448 23.145

22.062 26.576 25.721
19.639 28.696 23.682
21.083 28.429 20.176

21.228 32.203 19.84

23.951 33.412 17.557
25.913 36.55 16.795
27.705 36.933 13.494
30.266 39.273 12.087
28.419 41.116 9.361

31.093 40.195 6.878
30.191 36.533 7.536
26.403 36.898 7.681
25.879 35.441 4.217
28.746 32.943 4.54
28.42 31.094 7.825

25.816 29.316 9.903
26.527 28.102 13.413
24.592 25.304 15.08

24.998 22.998 18.034
24.041 19.456 18.946
23.649 19.414 22.71

23.425 15.646 22.941
26.781 15.293 21.162
28.309 18.317 22.876

29.407 19.399 19.428

29.259 22.72 17.608
29.091 23.055 13.852
29.847 25.788 11.368
28.72 25.473 7.821
29.909 27.715 5.045
27.967 28.201 1.841

28.64 29.53 -1.653
32.292 28.669 -1.305
34.896 30.664 -3.165
38.685 30.553 -3.177

38.485 33.405 -0.712
36.999 30.854 1.678
40.114 28.704 1.644

41.546 29.081 5.108

41.979 27.482 8.488

38.934 27.644 10.725
39.128 27.453 14.481
36.477 26.793 17.043
37.036 28.296 20.426
35.61 28.441 23.966
34.804 31.703 25.613
35.321 31.988 29.348
34.128 34.508 31.817
36.656 35.197 34.499

33.884 36.244 36.848
34.63 39.864 36.188
33.003 41.19 32.97
35.975 39.969 31.033
35.702 37.586 28.151
38.495 35.688 26.521
38.922 32.725 24.252
40.484 30.249 26.7
40.665 27.176 24.574

41.113 26.742 20.871
40.598 23.81 18.559
43.316 22.417 16.28
41.89 24.195 13.292
40.509 22.765 10.071
41.998 23.575 6.704
39.433 24.042 3.999
40.607 24.294 0.438
38.166 25.432 -2.192

39.195 24.277 -5.629
37.952 22.743 -8.837
41.016 20.508 -8.877
40.554 16.893 -7.878
42.318 15.339 -4.939

45.301 13.136 -5.41
47.159 11.157 -2.777
50.84 11.454 -2.249
53.521 9.059 -3.341
55.953 8.353 -0.539
59.57 7.641 -1.338
62.396 6.834 0.961
65.228 9.244 1.597

68.332 7.257 2.395
71.953 8.066 1.881
73.934 6.143 -0.615
76.242 5.123 2.154
77.369 5.729 5.714
80.986 4.729 5.01
83.245 6.427 7.518
80.545 7.498 9.858
79.882 11.037 10.885
78.486 12.123 14.192
74.945 11.969 12.891
72.983 10.136 10.222
69.835 11.328 8.5
66.972 9.638 6.685
63.507 10.673 5.642

60.498 10.308 3.407
59.583 12.351 0.38
55.869 12.992 0.156
55.295 13.967 -3.416

52.593 15.201 -5.734
49.557 15.576 -3.49
46.581 17.925 -3.436
45.234 19.527 -1.444
47.142 19.96 1.72
47.596 19.076 4.441
49.492 15.855 4.992
50.566 14.566 8.384
53.72 12.624 8.938
54.825 10.638 11.959
57.729 8.306 12.554
57.549 4.886 14.16

53.88 5.503 14.807
54.696 8.526 16.933
57.395 6.743 18.885

60.145 8.861 17.382
59.63 12.605 17.771
63.126 13.906 18.465
65.265 15.232 15.648
62.367 15.11 13.229

61.803 17.98 10.843
58.777 17.938 8.587
59.152 20.688 6.019
56.366 22.891 4.922
54.856 21.92 1.602
55.933 23.705 -1.534
53.588 24.258 -4.411
55.128 22.821 -7.548
54.734 24.624 -10.865

52.376 21.789 -11.339
49.28 22.171 -9.326
50.579 19.642 -6.836
52.259 19.869 -3.402
55.45 18.166 -2.239
57.031 17.833 1.183

59.843 15.938 2.876
60.15 14.766 6.461
63.552 13.903 7.833
65.025 12.653 11.062
68.567 12.767 12.33
70.051 10.433 14.924

73.417 10.159 16.542
75.533 7.642 14.698

75.973 5.482 17.766
72.197 5.251 18.247
71.252 4.704 14.608
71.412 0.889 14.794
69.011 0.868 17.726

65.795 1.171 15.693
63.992 0.817 12.4
62.689 3.973 10.801
59.296 4.082 9.202

57.35 7.178 8.253
53.591 7.202 8.581
51.901 9.505 6.103
48.237 10.454 6.232

46.385 12.378 3.531
42.777 12.738 4.64

41.278 14.212 1.532
42.566 11.314 -0.529
41.962 8.873 2.308

45.521 7.712 1.765
47.57 6.186 4.539
50.983 4.864 3.776
53.839 3.476 5.786
57.288 3.567 4.314
60.178 1.88 6
63.447 3.464 5.115
65.946 0.643 4.75
69.105 1.215 6.803
71.238 -0.902 4.479

73.438 -1.851 7.397
74.877 -5.044 5.9
77.366 -5.765 3.148
78.766 -8.932 1.376
82.148 -9.965 -0.133
83.083 -6.365 -0.707
84.272 -4.672 -3.873
86.508 -1.865 -2.384

90.125 -1.975 -3.399
93.076 -0.962 -1.262
94.323 2.581 -1.311
97.831 3.165 -2.569

100.658 2.654 -0.139
103.994 4.199 -1.074
107.236 2.294 -0.981
109.917 1.013 -3.229
109.141 -1.697 -5.699
111.099 -4.813 -6.418

End chain 1
34.2666 51.5242 13.638
37.3947 51.5718 15.7535

40.4975 50.8039 13.7841
43.362 49.1434 15.5777
46.7388 49.6306 14.0014
49.9013 47.7659 14.577
52.279 49.5896 12.322

55.0949 47.1229 12.5935
53.9267 43.8945 11.0328
57.3103 42.2391 11.3361
59.6295 42.6437 14.2808
63.0603 41.1577 14.6243
64.2587 40.3442 18.1333
67.1775 38.5245 19.7319
66.7382 35.7877 22.2687
66.8863 37.1687 25.789
66.0473 40.6147 24.498

63.0758 42.6921 25.6061
60.5072 43.0217 22.8897
57.7139 45.5215 22.6355
54.7269 45.2317 20.3359
52.5882 48.3109 19.9166
48.9638 48.8489 18.9873
47.1046 52.146 18.6211
43.3737 52.7363 18.4168
41.7194 55.3897 16.2846

39.76 56.4509 19.3591
40.1369 55.9764 23.1117
39.3839 52.3793 24.1252
39.5132 53.0188 27.8678
41.8131 50.0633 28.4886
39.4116 47.5752 26.9967
42.1868 45.8388 25.1328

43.2571 42.2117 24.9556
46.325 40.5926 23.4209
46.4049 37.2514 21.6477
49.2375 35.0388 20.484
48.873 32.9095 17.4092
51.5502 30.4167 16.6542

52.4057 29.0694 13.2869
50.0855 26.099 13.822
47.2859 28.5935 13.7134
46.4812 27.973 17.351

45.4248 31.0946 19.2491
45.8085 31.8157 22.9428
44.8294 34.78 25.0845

47.8301 36.3163 26.8148
46.5401 39.5004 28.4094
43.143 40.9897 29.1469
42.041 44.4639 30.2049
45.404 45.725 28.9907
47.3729 44.5879 32.0627
46.0126 41.3199 33.3729

47.847 38.1105 32.6231
45.7691 35.1505 31.6323
46.3769 32.2254 33.9124

49.0985 29.9807 32.6051
50.8772 32.7967 30.8225
54.4227 33.3288 31.8329
55.307 36.4219 33.8258

57.623 37.5284 31.0596
54.537 38.8372 29.2946
53.177 42.1715 30.4338

50.7403 44.7038 29.0074
50.6448 48.4597 29.3609
49.0805 51.6372 28.0137
45.8713 53.6247 28.1869
43.7939 55.801 25.9363
44.7551 55.0452 22.3404
48.1511 53.434 22.8031
48.8963 49.9919 24.1875

51.9376 47.7453 24.2648
52.6799 44.097 24.9007
56.1318 43.5301 26.3129
58.1499 40.3987 26.658
60.79 40.8861 29.2927

63.1325 38.263 27.9813
62.3448 36.5802 24.718
62.284 32.8055 24.5742
62.2347 30.6627 21.4776

58.6874 29.4443 22.222
57.6118 33.0709 21.8125
57.8189 32.8128 18.0244

54.3291 33.795 16.9186
52.1344 36.6147 15.6788
50.649 38.8913 18.2991
47.331 40.6525 17.8807
45.6075 43.3668 19.8894
41.8132 43.4891 20.1226
39.5163 46.1974 21.487
36.2105 45.4878 23.2631

35.3153 49.1361 23.8958
32.7635 49.2707 21.1131
31.0798 46.9628 18.6547
32.177 45.6949 16.322

35.1621 44.2562 18.0905
38.2224 44.9385 15.973
41.7374 43.4943 15.9069
45.1065 44.922 14.9685
46.9277 43.7205 11.8393
49.276 41.6506 13.9634
53.0041 41.5896 14.5331
54.9975 38.5312 13.6607
58.3351 38.0571 15.3242
61.4814 37.0524 13.4948
63.7808 35.6582 16.1116
67.4601 36.1412 15.6372

69.836 33.5509 16.9348
73.3552 32.4089 16.1562
74.1802 31.2761 12.6569

73.7549 27.5907 11.9739
74.4547 25.8863 8.66853
71.9396 23.5602 7.17364
72.3521 19.8228 6.87891
71.4409 18.9881 3.34792

69.7967 15.9165 1.82836

68.7224 15.0007 -1.68987
65.9233 12.6065 -2.66622
65.3238 11.0716 -6.06479
61.9063 10.6139 -7.55287
60.1783 7.34522 -6.79017
59.2749 4.8873 -9.51286

55.7456 5.15158 -8.25126
55.7243 8.78957 -9.29915
57.773 8.26525 -12.4619
55.3007 5.88428 -13.9972
52.7911 8.74086 -14.094

55.0805 10.816 -16.2708
56.4674 13.3877 -13.8687

59.6001 13.3897 -11.7362
60.1003 15.4348 -8.60217
63.5331 15.7334 -7.07549
63.7255 17.2467 -3.65561
66.5355 18.7878 -1.71625
66.1424 19.5055 1.97558
67.9839 22.0981 4.04324
67.4683 21.2382 7.67489

67.6073 23.4211 10.7942
69.518 26.5117 9.68185
69.6145 30.2324 10.4889
69.3937 32.8327 9.01233
66.6697 32.1466 6.49023
68.5805 33.4543 3.47141
69.9885 30.5712 1.4705

70.7676 29.8596 -2.15356
69.6656 26.5484 -3.5009
71.1245 25.6808 -6.85284
70.0501 22.7538 -9.03181
72.4691 21.0505 -11.4092
71.6597 18.3581 -13.9016

74.6348 16.6148 -15.4551
76.3527 19.8027 -14.3134
73.9813 22.0132 -16.2315

72.4247 24.5253 -13.972
68.7147 24.7556 -13.9891
66.5041 27.7878 -13.8102

62.752 28.2055 -13.5413
61.9867 24.5589 -12.8375
61.9667 24.5432 -9.05424

59.9064 25.8479 -6.15146
60.9596 26.3603 -2.56155
59.0256 26.1127 0.685329
60.1806 27.185 4.11148
58.859 26.2066 7.48455
58.1675 28.716 10.1947
60.9287 29.1713 12.739
61.1132 26.2595 15.151
59.8794 26.9498 18.6508

62.8006 25.2322 20.3341
65.8208 25.975 18.1017
64.5081 29.0123 16.1722

65.8633 27.5161 12.955

64.262 27.1754 9.5336
64.039 24.213 7.19848
63.5935 24.5611 3.46668
62.7069 22.257 0.60635
63.5258 22.8103 -3.02919
61.6667 20.6665 -5.52023
62.7362 20.3567 -9.10477
60.0083 19.1297 -11.4082

60.8989 17.4538 -14.6987
59.0444 15.3672 -17.2191
59.8276 11.6794 -17.0508

61.4744 11.8721 -20.4349
63.6881 14.7041 -19.3246
64.561 12.9568 -16.0893
65.6529 9.82463 -17.9155
67.7608 11.9719 -20.1992
70.3515 12.7397 -17.5502

72.4894 10.8533 -15.0247
73.3012 13.1555 -12.2063
71.1377 15.422 -10.1404
72.7762 17.7232 -7.67256

71.6834 20.3944 -5.21988
74.2208 23.016 -4.25127
73.6231 25.0118 -1.12406
75.2233 28.3014 -0.189452

74.6931 29.7223 3.27514
76.3745 32.0716 5.72636

77.0027 29.1218 8.00889
78.9225 27.1728 5.44291
82.3777 28.2004 4.30382

82.018 26.8162 0.791205

78.9248 25.4912 -0.829348
77.677 22.0306 0.0276753
76.5921 19.699 -2.71389
74.5302 16.5657 -2.50835

73.7982 14.487 -5.55889

72.8984 11.0532 -6.82835
73.4329 9.3001 -10.1324
70.2436 7.92417 -11.5931

70.341 4.8216 -13.5477
71.3109 3.88612 -17.0188
73.6618 1.19141 -18.1065

End chain 2
41.105 -18.209 -30.143
39.151 -20.598 -28.01
39.504 -19.715 -24.388

37.986 -20.946 -21.166
38.514 -18.414 -18.44
37.711 -19.653 -14.962
36.948 -17.628 -11.869
39.643 -16.957 -9.28
40.641 -18.855 -6.223

38.213 -19.084 -3.373
38.293 -19.605 0.399
35.253 -21.312 1.718
34.191 -22.636 5.091
33.286 -26.194 5.623
29.605 -26.86 5.097
29.402 -23.925 2.708

28.916 -24.042 -1.046
31.029 -22.564 -3.832
30.211 -21.723 -7.427
32.95 -21.734 -10.056
32.485 -20.132 -13.446
33.907 -20.912 -16.861
33.445 -18.123 -19.324
34.032 -19.35 -22.817

34.804 -17.377 -25.929
35.996 -17.909 -29.466
33.433 -20.54 -30.394
29.724 -21.285 -30.314
29.025 -22.251 -26.724

25.985 -24.37 -27.52
27.96 -26.478 -29.989
30.254 -28.218 -27.498

29.803 -30.249 -24.317
31.595 -28.934 -21.258
33.195 -31.242 -18.712
34.679 -30.561 -15.313
37.662 -32.263 -13.696
39.054 -32.261 -10.186
42.751 -32.26 -9.343
43.668 -32.929 -5.715

46.976 -32.596 -3.895
48.058 -36 -5.207
47.623 -34.449 -8.635
45.217 -37.237 -9.401

42.639 -36.409 -12.033
38.982 -37.196 -11.675
36.053 -36.611 -14.005
33.258 -34.791 -12.173
30.637 -34.597 -14.909
29.564 -32.768 -18.042
26.719 -30.699 -19.416
25.239 -30.186 -22.847
24.852 -26.468 -23.121

22.153 -26.659 -25.717
19.831 -28.982 -23.721
21.07 -28.418 -20.203

21.305 -32.187 -19.862

24.037 -33.419 -17.584
25.945 -36.565 -16.672
27.722 -36.925 -13.37
30.293 -39.238 -11.93
28.458 -41.114 -9.218

31.076 -40.132 -6.701
30.162 -36.482 -7.392
26.369 -36.842 -7.562
25.851 -35.397 -4.099
28.687 -32.867 -4.436
28.396 -31.033 -7.726

25.819 -29.338 -9.866
26.503 -28.117 -13.374
24.581 -25.326 -15.052

24.974 -23.057 -18.032
24.007 -19.525 -18.945
23.711 -19.479 -22.714

23.365 -15.716 -22.835
26.775 -15.203 -21.225
28.248 -18.36 -22.8

29.416 -19.438 -19.374

29.264 -22.748 -17.549
29.133 -23.094 -13.794
29.8 -25.796 -11.238
28.652 -25.427 -7.715
29.881 -27.689 -4.99
27.968 -28.062 -1.747

28.604 -29.4 1.75
32.266 -28.605 1.366
34.862 -30.47 3.369
38.646 -30.456 3.266

38.471 -33.308 0.801
36.984 -30.761 -1.596
40.085 -28.612 -1.524

41.523 -29.006 -4.99

41.972 -27.415 -8.374

38.943 -27.604 -10.629
39.181 -27.503 -14.387
36.58 -26.731 -16.969
37.089 -28.363 -20.35
35.54 -28.46 -23.8
34.826 -31.698 -25.594
35.648 -31.884 -29.252
34.293 -34.332 -31.742
36.696 -35.301 -34.447

33.859 -36.29 -36.753
34.082 -39.993 -36.076
32.892 -40.91 -32.579
36.117 -39.846 -30.971
35.782 -37.57 -27.996
38.545 -35.686 -26.274
38.953 -32.641 -24.075
40.43 -30.302 -26.659
40.67 -27.169 -24.537

41.128 -26.746 -20.825
40.617 -23.812 -18.525
43.323 -22.412 -16.269
41.903 -24.118 -13.191
40.49 -22.736 -9.966
41.994 -23.518 -6.595
39.41 -23.93 -3.929
40.556 -24.198 -0.381
38.151 -25.366 2.261

39.168 -24.232 5.69
37.957 -22.648 8.902
41.004 -20.394 8.954
40.547 -16.79 7.928
42.29 -15.237 4.974

45.471 -13.329 5.571
47.193 -11.175 2.951
50.893 -11.482 2.446
53.583 -9.076 3.499
56.009 -8.37 0.699
59.619 -7.667 1.529
62.446 -6.88 -0.784
65.288 -9.281 -1.441

68.348 -7.227 -2.214
71.983 -8.036 -1.802
74.103 -6.402 0.848
76.265 -5.117 -1.922
77.398 -5.696 -5.416
79.796 -8.596 -5.125

82.989 -8.642 -7.163
81.554 -7.941 -10.622
79.902 -11.224 -11.213

78.349 -12.282 -14.425

74.943 -12.015 -12.814
73.03 -10.124 -10.121
69.924 -11.352 -8.306
66.998 -9.56 -6.708
63.594 -10.677 -5.464

60.534 -10.308 -3.276
59.635 -12.354 -0.226
55.931 -13.004 0.015
55.403 -13.965 3.609

52.632 -15.422 5.758
49.552 -15.542 3.607
46.597 -17.901 3.558
45.431 -19.58 1.565
47.203 -19.948 -1.678
47.618 -19.064 -4.397
49.566 -15.868 -4.857
50.6 -14.555 -8.248
53.751 -12.608 -8.791
54.85 -10.597 -11.798
57.781 -8.307 -12.392
57.573 -4.875 -13.975

53.904 -5.492 -14.657
54.72 -8.525 -16.762
57.399 -6.735 -18.731

60.162 -8.821 -17.186
59.665 -12.566 -17.669
63.158 -13.844 -18.356
65.267 -15.16 -15.522
62.44 -15.079 -13.029

61.86 -17.962 -10.699
58.822 -17.909 -8.471
59.196 -20.658 -5.897
56.435 -22.888 -4.81
54.901 -21.966 -1.485
55.983 -23.748 1.64
53.642 -24.37 4.517
55.136 -22.73 7.575
54.849 -24.286 11.036

52.357 -21.55 11.453
49.287 -21.999 9.454
50.712 -19.571 6.899
52.313 -19.933 3.466
55.439 -18.166 2.227
57.191 -17.888 -1.135

59.968 -15.956 -2.729
60.203 -14.728 -6.309
63.599 -13.937 -7.683
65.047 -12.628 -10.9
68.587 -12.74 -12.232
70.08 -10.355 -14.764

73.442 -10.1 -16.397
75.57 -7.595 -14.534

75.964 -5.408 -17.593
72.192 -5.229 -18.122
71.271 -4.722 -14.46
71.431 -0.929 -14.73
68.966 -0.982 -17.574

65.763 -1.135 -15.546
64.019 -0.798 -12.185
62.72 -3.94 -10.539
59.255 -4.118 -9.046

57.444 -7.214 -7.938
53.683 -7.205 -8.393
51.961 -9.504 -5.94
48.287 -10.364 -6.05
46.445 -12.352 -3.399
42.852 -12.612 -4.547

41.351 -14.167 -1.482
42.662 -11.284 0.613
41.969 -8.786 -2.122

45.527 -7.706 -1.585
47.645 -6.273 -4.321
51.045 -4.882 -3.58
53.854 -3.508 -5.649
57.272 -3.542 -4.168
60.203 -1.848 -5.776
63.441 -3.455 -4.848
65.919 -0.624 -4.568
69.084 -1.3 -6.554
71.261 0.892 -4.308

73.467 1.834 -7.212
75.013 4.98 -5.831
77.514 5.597 -3.09
78.379 8.725 -1.073
81.648 9.103 0.786
84.874 7.662 -0.504
84.629 3.92 -1.183
86.604 2.961 1.931
87.452 4.288 5.348
89.802 7.207 5.716
91.215 9.275 8.492
89.34 12.429 9.44
92.404 14.629 8.842
92.848 16.068 5.366
96.25 16.222 3.729
98.93 13.936 4.948
98.658 11.826 8.063
100.706 12.254 11.198

End chain 3
34.462 -48.423 -12.928
37.374 -48.78 -15.286

40.691 -48.224 -13.581
43.561 -46.696 -15.507
46.927 -47.544 -14.047
50.146 -45.77 -14.776
52.533 -47.849 -12.76

55.516 -45.618 -13.174
54.736 -42.248 -11.649
58.202 -40.843 -12.171
60.364 -41.461 -15.197
63.836 -40.182 -15.751
64.956 -39.592 -19.318
67.87 -37.952 -21.086
67.509 -35.202 -23.687
67.534 -36.814 -27.16
66.389 -40.209 -25.842

63.114 -41.879 -26.727
60.715 -42.135 -23.826
57.678 -44.291 -23.354
54.936 -43.814 -20.841
52.519 -46.626 -20.389
48.972 -46.973 -19.122
46.867 -50.089 -18.721
43.121 -50.393 -18.25
41.345 -52.86 -16.002

39.263 -53.903 -19.005
39.308 -53.458 -22.782
39.094 -49.798 -23.796
38.615 -50.453 -27.492
41.195 -47.755 -28.251
39.108 -45.016 -26.737
42.087 -43.515 -25.007

43.476 -39.981 -24.97
46.741 -38.564 -23.643
47.132 -35.213 -21.937
50.173 -33.214 -20.929
50.175 -30.956 -17.941
52.971 -28.46 -17.432

54.177 -27.48 -14.056
52.159 -24.273 -14.358
49.087 -26.462 -14.276
48.08 -25.897 -17.862

46.722 -28.972 -19.593
46.851 -29.797 -23.289
45.567 -32.69 -25.354

48.362 -34.474 -27.176
46.758 -37.573 -28.651
43.222 -38.801 -29.153
41.781 -42.174 -30.102
45.05 -43.816 -29.121
47.129 -42.552 -31.986
45.847 -39.412 -33.595

47.954 -36.347 -32.978
46.145 -33.236 -31.934
46.873 -30.371 -34.268

49.791 -28.271 -33.16
51.375 -31.239 -31.438
54.846 -32.072 -32.567
55.425 -35.229 -34.575

57.772 -36.366 -31.813
54.695 -37.542 -29.974
53.048 -40.784 -30.971

50.512 -43.094 -29.361
50.066 -46.832 -29.669
48.374 -49.87 -28.169
45.008 -51.588 -28.133

42.865 -53.535 -25.733
44.17 -52.911 -22.222
47.607 -51.5 -22.894

48.494 -48.118 -24.333

51.705 -46.126 -24.608
52.695 -42.573 -25.405
56.095 -42.318 -26.986
58.337 -39.336 -27.434
60.729 -40.023 -30.274

63.344 -37.603 -29.049
62.913 -35.649 -25.823
63.115 -31.901 -25.912
63.336 -29.82 -22.794

59.864 -28.365 -23.417
58.588 -31.884 -22.8
59.01 -31.57 -19.03

55.535 -32.286 -17.723
53.213 -34.906 -16.289
51.43 -37.117 -18.778
48.017 -38.61 -18.169
46.031 -41.291 -19.966
42.219 -41.059 -20.059
39.622 -43.616 -21.149

36.308 -42.668 -22.831
35.07 -46.23 -23.364
32.689 -46.153 -20.423
31.366 -43.729 -17.841
32.657 -42.517 -15.653

35.613 -41.28 -17.621
38.718 -42.229 -15.702
42.332 -41.026 -15.823
45.638 -42.677 -15.045
47.723 -41.565 -12.053
50.094 -39.703 -14.334
53.775 -39.928 -15.118
56.072 -37.03 -14.307
59.278 -36.811 -16.274
62.603 -35.959 -14.706
64.91 -34.853 -17.483
68.574 -35.755 -17.282

70.937 -33.12 -18.528
74.615 -32.296 -18.19
75.789 -31.113 -14.801
75.651 -27.409 -14.127

76.676 -25.761 -10.88
74.415 -23.251 -9.298
75.113 -19.556 -9.008
74.553 -18.625 -5.404

73.202 -15.431 -3.87

72.376 -14.425 -0.306
69.799 -11.865 0.847
69.483 -10.289 4.264
66.227 -9.507 5.951
64.689 -6.129 5.216
64.175 -3.666 8.02

60.554 -3.543 6.991
60.31 -7.192 8.013
62.576 -6.81 11.052
60.324 -4.202 12.552
57.654 -6.885 12.949

59.916 -9.107 15.011
60.954 -11.815 12.578

63.962 -12.093 10.28
64.129 -14.15 7.124
67.469 -14.784 5.444
67.367 -16.237 1.961
69.916 -18.19 -0.044
69.297 -18.719 -3.745
70.777 -21.489 -5.869
70.099 -20.655 -9.471

69.883 -22.841 -12.58
71.66 -26.032 -11.564
71.46 -29.736 -12.378
71.161 -32.304 -10.846
68.61 -31.523 -8.161
70.614 -32.871 -5.239
72.337 -30.066 -3.374

73.4 -29.402 0.184
72.721 -25.99 1.568
74.453 -25.132 4.794
73.705 -22.06 6.972

76.125 -20.711 9.538
75.844 -17.769 11.78

79.045 -16.581 13.339
80.604 -19.804 12.149
78.011 -21.916 13.891

76.24 -24.531 11.834
72.506 -24.076 12.06
69.95 -26.835 12.006

66.156 -27.033 12.075
65.753 -23.306 11.34
65.557 -23.355 7.534

63.084 -24.439 4.883
63.856 -25.274 1.278
61.788 -24.781 -1.907
62.612 -26.039 -5.363
61.215 -24.949 -8.686
60.135 -27.379 -11.361
62.738 -28.038 -13.992
63.081 -25.262 -16.557
61.469 -25.867 -19.921

64.395 -24.469 -21.879
67.366 -25.199 -19.599
66.073 -28.244 -17.691

67.741 -26.841 -14.58

66.344 -26.327 -11.102
66.462 -23.354 -8.779
66.464 -23.675 -5.002
65.703 -21.313 -2.143
66.747 -21.844 1.46
65.172 -19.557 4.003
66.532 -19.276 7.494
64.075 -17.747 9.881

65.014 -16.279 13.234
63.499 -13.948 15.784
64.647 -10.362 15.569

66.464 -10.737 18.832
68.354 -13.749 17.639
69.154 -12.067 14.342
70.613 -9.016 16.067
72.663 -11.336 18.255
74.943 -12.368 15.397

77.097 -10.536 12.858
77.878 -13 10.09
75.43 -14.995 8.035
76.413 -17.288 5.298

75.29 -20.109 3.129
77.633 -22.757 1.883
76.527 -24.81 -1.049
77.83 -28.202 -2.059

76.978 -29.593 -5.472
78.311 -32.023 -8.056

79.044 -29.07 -10.32
81.318 -27.398 -7.786
84.706 -28.818 -6.938

84.613 -27.149 -3.555

81.768 -25.619 -1.682
80.82 -22.074 -2.516
79.946 -19.662 0.256
77.997 -16.432 0.113

78.14 -14.216 3.135

77.046 -10.951 4.63
77.822 -9.035 7.797
75.05 -7.377 9.662
76.699 -3.962 9.335

77.984 -3.093 12.755
81.219 -1.182 12.878

End chain 4
