35.1977 29.4596 27.9867
33.8198 28.7342 24.5652
35.7374 26.2458 22.5074

35.14 24.8884 19.0564
37.248 21.847 18.4896
37.4852 20.5049 15.0137
38.2959 17.0276 13.7955
41.8031 16.2789 12.5523
43.2226 16.4546 9.10687

41.9652 14.1275 6.39329
43.4097 12.7274 3.23054
40.6347 11.7181 0.917631
40.3933 10.4 -2.62844
38.8212 12.3186 -5.39671
35.1572 11.5168 -5.8415
34.9485 10.556 -2.18514

33.1929 12.4668 0.565298
34.4993 13.6352 3.9211
32.7232 14.8724 6.9731
34.2951 17.2542 9.45498
33.1061 17.7275 12.9918
33.0595 20.6816 15.3206
32.4389 19.8498 18.9064
31.4791 22.8816 20.8725

31.6057 23.4766 24.5856
31.2914 26.2817 27.0875
27.9266 27.5643 25.9056
24.45 26.4166 24.9584
24.8112 24.9422 21.4908

21.1837 25.4654 20.4876
21.4916 29.1882 21.1988
23.9683 30.1107 18.4647

24.1188 29.7316 14.7
27.1239 27.8573 13.3626
28.8375 28.955 10.1561
31.5314 27.261 8.11664
34.3 28.9426 6.13621
36.7837 27.6192 3.60837
40.2671 28.921 3.10422
42.3142 27.7036 0.191455

46.0019 27.972 -0.662711
45.5887 31.6193 -1.66654
44.3624 32.0842 1.88003
41.1896 33.5025 0.44641

38.1866 33.2313 2.7425
34.8103 31.9928 1.58784
31.5592 31.5849 3.46822

30.1754 28.1358 2.75106
26.9962 28.1903 4.82459

25.452 28.056 8.27814
22.8916 26.1179 10.2856
20.562 26.9038 13.1145
21.1415 24.1919 15.6023

17.7514 24.4898 17.2098
15.7098 23.8836 14.0495
18.2999 22.4255 11.6801

17.5126 25.0405 9.04983

20.4178 25.8609 6.81937
21.5818 28.5691 4.4555
24.2341 27.8421 1.86876
26.3787 29.8833 -0.42217
25.1689 28.9549 -3.87378

28.6838 28.1038 -4.91523
28.6497 25.417 -2.18826
25.1042 24.1269 -2.70592
26.242 20.9814 -4.49692
29.3836 20.5815 -2.36744
28.4526 20.8699 1.28856

25.8814 19.5784 3.73423
25.6273 20.8947 7.27006
24.0786 18.9315 10.116

24.0444 19.0262 13.8841
23.8395 16.5393 16.7242
22.187 18.3658 19.5976

22.9385 15.6646 22.1352
26.6635 15.8977 21.3462
26.6062 19.6689 20.9086

28.4962 19.07 17.6939

28.088 20.4319 14.1808
29.1555 18.5806 11.0694
29.9503 19.5489 7.51387
30.2636 16.9259 4.87332
31.6828 17.568 1.44987
30.9265 15.3586 -1.51992

32.384 14.7306 -4.97082
35.7716 15.8682 -3.77539
38.2073 17.4342 -6.1911
41.6377 18.9803 -5.73199

39.817 22.2865 -5.66614
38.3509 21.0848 -2.37456
41.7439 20.8518 -0.713105

41.7159 23.6064 1.85658

41.3634 24.4541 5.50705

37.8098 24.4632 6.80098
36.7261 26.43 9.824
33.6376 26.1885 11.9287
32.5468 29.3388 13.6322
29.9944 30.7346 16.1067
27.8035 33.6364 15.2219
26.8861 36.0759 17.9615
24.2651 38.7158 18.1362
25.4066 41.7478 20.0236

21.816 42.5758 20.8723
21.7225 45.164 18.1539
21.0231 43.6912 14.6751
24.697 43.0451 14.2736
26.1106 39.6503 13.5414
29.7025 38.602 13.7851
31.6887 35.4187 13.9637
32.9136 35.6162 17.5725
34.6596 32.3242 17.9046

36.4715 30.2098 15.3851
37.6199 26.6199 15.4122
41.2326 25.5557 14.8305
40.5092 24.6207 11.2632
40.7869 21.2562 9.55152
43.0736 20.6723 6.61215
41.5901 18.4492 3.97179
43.8152 17.2211 1.20351
42.2327 15.5778 -1.79081

44.6702 13.3348 -3.589
45.0955 9.9614 -5.2104
48.4682 9.64157 -3.50513
48.6966 7.3619 -0.500044
49.6785 8.57845 2.92343

53.1201 8.01491 4.26925
54.4095 8.79946 7.73671
57.443 10.8851 8.34065
60.8831 9.71814 9.29976
62.279 11.763 12.1518
65.9945 12.3761 12.3692
67.9467 14.2469 14.9406
69.6024 17.5552 14.2014

72.6507 17.8833 16.3969
75.8534 19.7531 15.8711
79.0265 17.8706 15.3808
80.4089 19.6168 18.3932
80.0113 22.4575 20.8596
83.7726 22.9131 21.3322
84.457 26.4664 22.4195
80.9275 27.338 23.2536
79.0051 30.1682 21.7328
76.3029 32.1331 23.4364
73.6253 29.7953 22.1636
73.3002 26.1856 21.0693
70.7527 24.7654 18.6632
69.283 21.3307 18.0391
66.2576 20.0256 16.22

64.4403 17.2616 14.42
64.116 16.7177 10.7088
60.6898 15.4608 9.74119
61.1538 13.9971 6.3234

59.2024 12.4787 3.4803
55.596 12.6497 4.64578
52.2661 13.0976 2.88838
49.9251 14.7495 3.26167
50.4129 17.5884 5.61576
50.1132 18.6083 8.31044
52.5031 17.3891 10.9703
52.636 18.744 14.5011
55.8019 18.9949 16.4862
56.283 19.6587 20.1767
59.3174 19.5414 22.4137
59.5334 17.8512 25.7908

55.8503 17.0652 25.5114
55.0116 20.7506 25.3157
57.2385 21.673 28.225

59.6467 23.5832 26.0207
58.0233 26.2823 23.8963
60.5578 29.1048 23.973
63.0939 29.4708 21.1974
61.3737 26.8315 19.1142

60.9136 27.3829 15.4084
58.9999 24.8342 13.3862
59.4778 25.6054 9.71539
56.7596 25.4098 7.18721
56.8304 22.2689 5.09563
58.4 22.338 1.67334
57.1502 20.1794 -1.13029
60.0183 18.1139 -2.4662
60.3278 17.4646 -6.19329

59.1569 14.14 -5.01106
55.5754 14.1658 -4.03354
56.5644 14.2342 -0.386552
56.8102 16.9709 2.28108
59.7313 17.7386 4.58611
60.0461 20.0206 7.58843

62.4953 20.7712 10.3818
61.8414 21.9842 13.9061
64.6484 23.5637 15.8622
65.1851 25.0311 19.2853
67.8861 27.3226 20.5582
68.9512 27.6679 24.181

71.4787 29.7909 25.9494
74.7082 27.8873 26.3494

74.6246 28.1638 30.1161
71.136 26.6281 30.2346
71.7081 23.866 27.6894
72.8324 21.272 30.2626
69.6637 21.8001 32.2732

67.4074 19.5394 30.1838
67.037 16.7335 27.6918
65.5618 17.5972 24.3313
63.0486 15.3532 22.679

60.7869 16.2462 19.7876
57.297 14.8201 19.6292
56.0153 14.4261 16.0933
52.4264 13.6038 15.2069

51.1812 12.7454 11.7227
47.4621 12.0481 11.9668

46.7985 10.7969 8.49208
49.466 8.14371 8.87961
48.6044 7.64241 12.5372

52.3017 8.04306 13.2291
53.5889 9.3139 16.5382
57.2762 9.41661 17.1477
59.5153 10.724 19.8681
63.0949 11.484 19.0435
65.5594 12.4151 21.7081
68.3637 14.4948 20.3704
71.5039 13.3321 22.1377
73.4623 16.2128 23.6828
76.7648 14.3479 23.4632

77.9789 16.1793 26.5336
80.6659 13.6811 27.5564
84.0541 12.7503 26.1626
86.7949 10.1061 26.9538
90.6354 10.0033 26.8049
90.6868 12.7047 24.1851
92.3925 12.7392 20.8097
93.1077 16.5373 20.4112

96.7335 17.4701 20.082
98.3554 20.6258 21.3908
98.5189 23.703 19.2426
101.942 24.9607 18.2765

103.768 27.1168 20.7612
106.66 29.1702 19.4168
110.056 29.2377 21.034
113.593 28.2554 20.4014
114.502 24.6287 20.1393
117.362 22.8287 21.7648

End chain 1
28.7121 45.3329 21.5365
31.515 46.9993 23.4417

34.454 47.8473 21.2647
37.8695 47.8972 22.8493
40.4371 49.9772 21.0588
44.137 49.9705 21.4065
45.1288 52.6861 19.0177

48.8141 51.9775 19.0789
49.3357 48.5621 17.5671
53.104 48.8406 17.6305
55.0813 50.4291 20.4199
58.8074 50.8788 20.522
60.4668 50.8653 23.9363
63.9972 50.8002 25.3212
65.1531 48.2773 27.8544
64.8033 49.6319 31.3708
62.2659 52.1556 30.1717

58.7277 52.4838 31.4934
56.18 51.4098 28.9555
52.4985 52.1589 28.9104
49.9278 50.3497 26.8099
46.5087 51.9245 26.5626
43.0566 50.5438 25.8794
39.772 52.4488 25.6688
36.2466 51.0777 25.7165
33.3534 52.4858 23.7242

31.3207 52.4935 26.9313
32.1165 52.3657 30.6461
33.3408 48.9041 31.6717
33.3618 49.6141 35.4037
36.8701 48.2324 35.8426
35.9604 44.8381 34.4879
39.111 44.6872 32.4283

41.8482 42.0871 32.1453
45.2123 42.1928 30.3961
46.8533 39.3023 28.5888
50.3363 38.7861 27.2194
50.9038 36.6871 24.1545
54.4192 35.8608 23.2004

55.6265 35.0436 19.771
55.1549 31.3237 20.4287
51.4798 32.0686 20.5292
51.3236 31.2177 24.2057

48.9592 33.4305 26.1998
49.1554 34.3378 29.8671
46.952 36.4597 32.0975

48.8719 39.3387 33.6414
46.2561 41.4806 35.3487
42.6242 41.0774 36.3229
39.9911 43.5513 37.4852
42.1797 46.302 36.0645
44.639 46.3854 38.9889
45.1926 42.9101 40.3537

48.3426 41.041 39.4532
47.9804 37.4141 38.5726
50.1176 35.2487 40.7788

53.5123 34.6455 39.2732
53.5176 37.9289 37.4049
56.368 40.1964 38.1847
55.6965 43.3628 40.1452

56.9645 45.415 37.2434
53.5369 44.9505 35.6985
50.757 47.1758 36.9575

47.2939 48.1033 35.7196
45.343 51.3092 36.1154
42.312 53.2348 34.9054
38.5565 53.3426 35.3092
35.5314 54.1228 33.2218
36.5178 53.8642 29.5631
40.2843 54.1912 29.7852
42.7447 51.626 31.0837

46.5015 51.216 30.9384
49.0171 48.4528 31.4883
52.3649 49.7336 32.6644
55.7016 48.0512 32.8451
57.8948 49.8651 35.3047

61.1529 48.7441 33.8162
61.1191 46.8133 30.5955
62.9578 43.5178 30.419
63.8023 41.565 27.3116

61.4044 38.747 28.2761
58.6266 41.3296 27.974
58.7007 41.117 24.1781

55.1302 40.1836 23.3143
51.7427 41.4857 22.2494
49.4786 42.7706 24.9841
45.7066 42.6136 24.8025
42.9792 44.1418 26.9469
39.6618 42.3454 27.4308
36.4033 43.5642 28.97
34.0212 41.3326 30.953

31.4525 44.0504 31.679
29.0133 42.8148 29.0719
28.5718 39.9133 26.7073
30.0113 39.3118 24.2951

33.4176 39.6135 25.8488
35.5808 41.6895 23.5412
39.3332 42.2075 23.2294
41.4601 45.112 22.0851
43.441 44.9123 18.8311
46.6382 44.3572 20.7755
49.9173 46.1932 21.0978
53.1208 44.5314 20.066
56.3389 45.8411 21.5013
59.4431 46.5099 19.4588
62.2885 46.5261 21.9046
65.1871 48.7818 21.1936

68.619 47.7704 22.3065
72.1787 48.5341 21.2865
73.2435 47.8836 17.7295

74.6897 44.4686 17.04
75.9463 43.2662 13.6791
74.857 39.9548 12.3304
77.0755 36.9257 11.9725
76.4919 35.659 8.50121

76.5268 32.1408 7.06324

75.8443 30.7223 3.61462
74.5766 27.2221 2.80137
74.6222 25.5104 -0.565202
71.8152 23.3597 -1.82932
72.0184 19.6855 -0.986517
72.3085 17.0402 -3.66774

69.2117 15.5251 -2.17383
67.2974 18.6318 -3.18233
69.1314 19.1308 -6.4782
68.1041 15.7925 -7.87049
64.4973 16.9963 -7.77376

65.2913 19.8867 -10.0763
65.3407 22.8655 -7.74561

68.1716 24.4951 -5.8242
67.7672 26.5911 -2.71005
70.6699 28.613 -1.40999
70.2856 30.1017 2.00446
72.0517 32.8942 3.76949
71.58 33.4079 7.48605
71.99 36.6251 9.45322
72.2031 35.7125 13.1023

71.4171 37.7456 16.227
71.4394 41.3493 15.0215
69.6997 44.6325 15.8569
68.1092 46.7317 14.4236
65.9508 44.7069 12.0799
66.7528 46.723 8.95469
69.2937 44.8904 6.8372

70.0992 44.5778 3.16289
70.7328 41.1294 1.85868
72.2195 41.0305 -1.59044
72.6321 37.9074 -3.72249
75.4272 37.5934 -6.27065
75.9307 34.7984 -8.73056

79.2762 34.7497 -10.4938
79.2227 38.3962 -9.43647
75.9477 39.0664 -11.1725

73.4814 40.51 -8.79081
70.1668 38.8431 -8.56114
66.7464 40.3558 -8.20728

63.319 38.8366 -7.68775
64.5384 35.3185 -6.97075
64.7631 35.3884 -3.19478

62.5102 35.5514 -0.149913
63.3821 36.6124 3.36766
62.0407 35.5062 6.73232
62.7084 37.0982 10.0853
62.2704 35.6716 13.5283
60.579 37.5591 16.3026
62.887 39.4038 18.6638
64.6608 37.0402 21.0298
63.4665 37.1028 24.6098

66.9528 37.1292 26.0801
69.0438 39.2345 23.661
66.2643 41.1511 21.852

67.9864 40.4602 18.538

66.5662 39.2762 15.2264
67.7206 36.5467 12.8821
66.9307 36.5313 9.19133
67.1493 34.024 6.37318
67.3517 34.8239 2.69719
66.6745 31.9752 0.313148
67.5305 32.1568 -3.33694
65.6545 29.668 -5.46752

67.0621 28.5865 -8.82584
66.3582 25.7888 -11.2389
68.8998 23.0004 -11.1588

70.0129 23.9114 -14.6419
70.564 27.4988 -13.6522
72.3959 26.508 -10.4987
74.8006 24.3056 -12.4235
75.3953 27.1645 -14.82
77.4055 29.196 -12.3399

80.3537 28.7035 -9.9794
80.0689 31.1706 -7.19819
77.1912 32.092 -4.97213
77.5978 34.9651 -2.59517

75.4631 36.7843 -0.0497587
76.3903 40.3493 0.775237
75.0641 41.8504 3.95445
74.8452 45.5205 4.81381

73.8874 46.5672 8.31956
74.3056 49.5031 10.6776

76.4729 47.3267 12.8848
78.9499 46.5446 10.1789
81.3402 49.1417 8.82477

81.5095 47.6781 5.33008

79.4104 44.9378 3.90392
80.1297 41.3415 4.80732
80.1988 38.7136 2.12046
80.0115 34.9746 2.43067

80.2383 32.7351 -0.585255

83.9703 33.5961 -0.703848
87.2943 35.08 0.646247
86.9434 38.8483 0.559979

87.3883 42.593 -0.074645
88.8261 45.0514 2.38451
89.7552 47.6562 -0.086915

End chain 2
41.105 -18.209 -30.143
39.151 -20.598 -28.01
39.504 -19.715 -24.388

37.986 -20.946 -21.166
38.514 -18.414 -18.44
37.711 -19.653 -14.962
36.948 -17.628 -11.869
39.643 -16.957 -9.28
40.641 -18.855 -6.223

38.213 -19.084 -3.373
38.293 -19.605 0.399
35.253 -21.312 1.718
34.191 -22.636 5.091
33.286 -26.194 5.623
29.605 -26.86 5.097
29.402 -23.925 2.708

28.916 -24.042 -1.046
31.029 -22.564 -3.832
30.211 -21.723 -7.427
32.95 -21.734 -10.056
32.485 -20.132 -13.446
33.907 -20.912 -16.861
33.445 -18.123 -19.324
34.032 -19.35 -22.817

34.804 -17.377 -25.929
35.996 -17.909 -29.466
33.433 -20.54 -30.394
29.724 -21.285 -30.314
29.025 -22.251 -26.724

25.985 -24.37 -27.52
27.96 -26.478 -29.989
30.254 -28.218 -27.498

29.803 -30.249 -24.317
31.595 -28.934 -21.258
33.195 -31.242 -18.712
34.679 -30.561 -15.313
37.662 -32.263 -13.696
39.054 -32.261 -10.186
42.751 -32.26 -9.343
43.668 -32.929 -5.715

46.976 -32.596 -3.895
48.058 -36 -5.207
47.623 -34.449 -8.635
45.217 -37.237 -9.401

42.639 -36.409 -12.033
38.982 -37.196 -11.675
36.053 -36.611 -14.005
33.258 -34.791 -12.173
30.637 -34.597 -14.909
29.564 -32.768 -18.042
26.719 -30.699 -19.416
25.239 -30.186 -22.847
24.852 -26.468 -23.121

22.153 -26.659 -25.717
19.831 -28.982 -23.721
21.07 -28.418 -20.203

21.305 -32.187 -19.862

24.037 -33.419 -17.584
25.945 -36.565 -16.672
27.722 -36.925 -13.37
30.293 -39.238 -11.93
28.458 -41.114 -9.218

31.076 -40.132 -6.701
30.162 -36.482 -7.392
26.369 -36.842 -7.562
25.851 -35.397 -4.099
28.687 -32.867 -4.436
28.396 -31.033 -7.726

25.819 -29.338 -9.866
26.503 -28.117 -13.374
24.581 -25.326 -15.052

24.974 -23.057 -18.032
24.007 -19.525 -18.945
23.711 -19.479 -22.714

23.365 -15.716 -22.835
26.775 -15.203 -21.225
28.248 -18.36 -22.8

29.416 -19.438 -19.374

29.264 -22.748 -17.549
29.133 -23.094 -13.794
29.8 -25.796 -11.238
28.652 -25.427 -7.715
29.881 -27.689 -4.99
27.968 -28.062 -1.747

28.604 -29.4 1.75
32.266 -28.605 1.366
34.862 -30.47 3.369
38.646 -30.456 3.266

38.471 -33.308 0.801
36.984 -30.761 -1.596
40.085 -28.612 -1.524

41.523 -29.006 -4.99

41.972 -27.415 -8.374

38.943 -27.604 -10.629
39.181 -27.503 -14.387
36.58 -26.731 -16.969
37.089 -28.363 -20.35
35.54 -28.46 -23.8
34.826 -31.698 -25.594
35.648 -31.884 -29.252
34.293 -34.332 -31.742
36.696 -35.301 -34.447

33.859 -36.29 -36.753
34.082 -39.993 -36.076
32.892 -40.91 -32.579
36.117 -39.846 -30.971
35.782 -37.57 -27.996
38.545 -35.686 -26.274
38.953 -32.641 -24.075
40.43 -30.302 -26.659
40.67 -27.169 -24.537

41.128 -26.746 -20.825
40.617 -23.812 -18.525
43.323 -22.412 -16.269
41.903 -24.118 -13.191
40.49 -22.736 -9.966
41.994 -23.518 -6.595
39.41 -23.93 -3.929
40.556 -24.198 -0.381
38.151 -25.366 2.261

39.168 -24.232 5.69
37.957 -22.648 8.902
41.004 -20.394 8.954
40.547 -16.79 7.928
42.29 -15.237 4.974

45.471 -13.329 5.571
47.193 -11.175 2.951
50.893 -11.482 2.446
53.583 -9.076 3.499
56.009 -8.37 0.699
59.619 -7.667 1.529
62.446 -6.88 -0.784
65.288 -9.281 -1.441

68.348 -7.227 -2.214
71.983 -8.036 -1.802
74.103 -6.402 0.848
76.265 -5.117 -1.922
77.398 -5.696 -5.416
79.796 -8.596 -5.125

82.989 -8.642 -7.163
81.554 -7.941 -10.622
79.902 -11.224 -11.213

78.349 -12.282 -14.425

74.943 -12.015 -12.814
73.03 -10.124 -10.121
69.924 -11.352 -8.306
66.998 -9.56 -6.708
63.594 -10.677 -5.464

60.534 -10.308 -3.276
59.635 -12.354 -0.226
55.931 -13.004 0.015
55.403 -13.965 3.609

52.632 -15.422 5.758
49.552 -15.542 3.607
46.597 -17.901 3.558
45.431 -19.58 1.565
47.203 -19.948 -1.678
47.618 -19.064 -4.397
49.566 -15.868 -4.857
50.6 -14.555 -8.248
53.751 -12.608 -8.791
54.85 -10.597 -11.798
57.781 -8.307 -12.392
57.573 -4.875 -13.975

53.904 -5.492 -14.657
54.72 -8.525 -16.762
57.399 -6.735 -18.731

60.162 -8.821 -17.186
59.665 -12.566 -17.669
63.158 -13.844 -18.356
65.267 -15.16 -15.522
62.44 -15.079 -13.029

61.86 -17.962 -10.699
58.822 -17.909 -8.471
59.196 -20.658 -5.897
56.435 -22.888 -4.81
54.901 -21.966 -1.485
55.983 -23.748 1.64
53.642 -24.37 4.517
55.136 -22.73 7.575
54.849 -24.286 11.036

52.357 -21.55 11.453
49.287 -21.999 9.454
50.712 -19.571 6.899
52.313 -19.933 3.466
55.439 -18.166 2.227
57.191 -17.888 -1.135

59.968 -15.956 -2.729
60.203 -14.728 -6.309
63.599 -13.937 -7.683
65.047 -12.628 -10.9
68.587 -12.74 -12.232
70.08 -10.355 -14.764

73.442 -10.1 -16.397
75.57 -7.595 -14.534

75.964 -5.408 -17.593
72.192 -5.229 -18.122
71.271 -4.722 -14.46
71.431 -0.929 -14.73
68.966 -0.982 -17.574

65.763 -1.135 -15.546
64.019 -0.798 -12.185
62.72 -3.94 -10.539
59.255 -4.118 -9.046

57.444 -7.214 -7.938
53.683 -7.205 -8.393
51.961 -9.504 -5.94
48.287 -10.364 -6.05
46.445 -12.352 -3.399
42.852 -12.612 -4.547

41.351 -14.167 -1.482
42.662 -11.284 0.613
41.969 -8.786 -2.122

45.527 -7.706 -1.585
47.645 -6.273 -4.321
51.045 -4.882 -3.58
53.854 -3.508 -5.649
57.272 -3.542 -4.168
60.203 -1.848 -5.776
63.441 -3.455 -4.848
65.919 -0.624 -4.568
69.084 -1.3 -6.554
71.261 0.892 -4.308

73.467 1.834 -7.212
75.013 4.98 -5.831
77.514 5.597 -3.09
78.379 8.725 -1.073
81.648 9.103 0.786
84.874 7.662 -0.504
84.629 3.92 -1.183
86.604 2.961 1.931
87.452 4.288 5.348
89.802 7.207 5.716
91.215 9.275 8.492
89.34 12.429 9.44
92.404 14.629 8.842
92.848 16.068 5.366
96.25 16.222 3.729
98.93 13.936 4.948
98.658 11.826 8.063
100.706 12.254 11.198

End chain 3
32.685 -50.2944 -18.8355
36.0462 -50.9226 -20.4088

38.8815 -50.5781 -17.9468
42.2445 -49.314 -19.1187
45.0769 -50.3784 -16.877
48.5052 -48.868 -16.8039
50.1594 -51.0735 -14.2576

53.3187 -49.0825 -13.9384
52.4573 -45.6296 -12.6633
56.0452 -44.5007 -12.3276
58.8235 -45.3481 -14.731
62.415 -44.346 -14.4244
64.4122 -43.9234 -17.6117
67.7881 -42.5473 -18.62
68.2875 -39.8381 -21.2409
69.0307 -41.5264 -24.5962
67.3372 -44.795 -23.5851

64.2557 -46.2345 -25.2374
61.2103 -46.2435 -23.0098
57.9905 -48.1543 -23.2862
54.7654 -47.4157 -21.5215
52.0985 -50.0275 -21.6632
48.3338 -50.0785 -21.3004
45.9572 -53.0179 -21.4141
42.1973 -53.0293 -21.8719
39.74 -55.3041 -20.1167

38.3765 -56.2564 -23.5335
39.3741 -55.9025 -27.1866
39.7006 -52.2608 -28.2362
40.0858 -52.9623 -31.9346
42.9761 -50.4835 -32.0503
40.8044 -47.5618 -31.1029
43.3808 -46.2493 -28.703

44.9914 -42.8295 -28.3411
47.9358 -41.6314 -26.2618
48.161 -38.281 -24.5248
51.0121 -36.4932 -22.8117
50.4635 -34.174 -19.9226
53.2382 -31.8838 -18.7551

53.6591 -30.9201 -15.1906
52.0328 -27.5785 -15.989
48.8716 -29.5285 -16.652
48.8151 -28.9717 -20.3775

47.6828 -31.9749 -22.3761
48.6425 -32.8915 -25.9252
47.6772 -35.7265 -28.2303

50.6831 -37.7562 -29.307
49.2488 -40.7591 -31.1175
45.8563 -41.7296 -32.4638
44.4301 -45.0059 -33.7233
47.2231 -46.8656 -31.9667
50.0293 -45.8268 -34.2415
49.4274 -42.6371 -36.1271

51.5542 -39.7254 -35.0255
49.7948 -36.4645 -34.4673
51.291 -33.7162 -36.5635

54.0068 -31.8162 -34.784
54.8866 -34.8545 -32.7156
58.4518 -35.971 -32.9588
59.2531 -39.2076 -34.7522

60.7608 -40.454 -31.496
57.2464 -41.3536 -30.4604
55.6429 -44.4849 -31.8173

52.6185 -46.5609 -30.8671
51.9696 -50.261 -31.2605
49.7309 -53.1284 -30.2079
46.3335 -54.5879 -30.9892

43.5251 -56.3134 -29.1784
43.981 -55.709 -25.4573
47.5778 -54.5754 -25.2742

49.0504 -51.3032 -26.4657

52.3776 -49.5644 -25.9551
53.8069 -46.1148 -26.4996
57.4986 -46.1517 -27.2025
60.0086 -43.3572 -27.1003
62.9586 -44.2864 -29.2668

65.378 -42.0419 -27.4491
64.3291 -39.9879 -24.4338
64.8395 -36.2686 -24.4851
64.4572 -34.1394 -21.4157

61.3662 -32.4427 -22.874
59.7069 -35.8411 -22.5742
59.2219 -35.4736 -18.8166

55.4882 -35.8969 -18.3959
52.6892 -38.302 -17.563
51.3981 -40.4293 -20.4038
47.8335 -41.6479 -20.6418
46.1409 -44.2127 -22.8594
42.4964 -43.6977 -23.8823
40.0508 -46.077 -25.5642

37.3306 -44.9218 -28.0088
35.9846 -48.3922 -28.8146
32.9729 -48.0697 -26.5451
31.2553 -45.4949 -24.3742
32.0657 -44.3335 -21.9416

35.4993 -43.3669 -23.1321
37.9597 -44.502 -20.5087
41.5772 -43.5765 -19.7473
44.4547 -45.4526 -18.1785
45.8293 -44.432 -14.7719
48.8224 -42.8056 -16.4113
52.5543 -43.3239 -16.2708
54.8045 -40.5885 -14.9341
58.3998 -40.6556 -16.0586
61.2993 -40.0197 -13.7287
64.2922 -39.1536 -15.8618
67.7148 -40.323 -14.7678

70.5089 -37.9017 -15.4085
74.0469 -37.3484 -14.1849
74.4496 -36.1796 -10.6163
74.4422 -32.4613 -10.0107

74.7719 -30.821 -6.61799
72.3975 -28.113 -5.64628
73.291 -24.4751 -5.20864
71.9454 -23.4227 -1.85444

70.516 -20.1021 -0.70947

68.9287 -18.9559 2.54063
66.3572 -16.1841 3.01892
65.3434 -14.5112 6.24896
61.8463 -13.4489 7.08589
60.8028 -9.98277 5.9843
59.8163 -7.42474 8.56813

56.5757 -7.05409 6.68479
55.8053 -10.6502 7.63013
57.2863 -10.3699 11.1293
54.9482 -7.56676 12.0234
52.0603 -10.0322 11.766

53.5712 -12.3699 14.3268
54.9549 -15.203 12.2318

58.4004 -15.7582 10.7398
59.169 -17.8935 7.72829
62.7572 -18.8144 6.91811
63.3926 -20.3349 3.52143
66.1919 -22.5188 2.20781
66.4529 -23.0843 -1.53017
68.1838 -26.0053 -3.21733
68.4703 -25.2053 -6.87897

68.8471 -27.4394 -9.93805
70.0678 -30.7307 -8.50628
69.7826 -34.4269 -9.33026
68.9196 -36.9295 -7.90798
65.861 -35.8983 -5.93099
66.9817 -37.3257 -2.60263
68.4131 -34.6159 -0.38382

68.6267 -33.9524 3.32351
67.9006 -30.4683 4.48646
68.857 -29.6691 8.03465
67.8443 -26.5007 9.95194

69.665 -25.2787 13.0264
69.078 -22.2735 15.1204

71.8862 -21.2936 17.41
73.4306 -24.6508 16.6496
70.3344 -26.522 17.713

68.9182 -29.0432 15.2955
65.2889 -28.3044 14.6002
62.615 -30.8644 13.9337

58.9148 -30.7757 13.074
58.9959 -27.0468 12.2484
59.729 -27.1679 8.51021

57.8985 -28.1237 5.33932
59.4569 -29.0964 2.0356
58.2715 -28.5226 -1.56014
59.8108 -29.9174 -4.70504
59.3543 -28.802 -8.27287
58.771 -31.2046 -11.1214
61.8763 -32.1169 -13.0338
63.0496 -29.4338 -15.4477
62.2625 -29.9929 -19.1014

65.6773 -28.8633 -20.2901
67.9375 -29.7618 -17.3503
65.9846 -32.6569 -15.8045

66.9498 -31.3122 -12.3856

64.793 -30.6155 -9.35657
64.5745 -27.6075 -7.08662
63.632 -27.8413 -3.4225
62.3853 -25.3642 -0.84532
62.4761 -25.8896 2.90558
60.5136 -23.4334 4.97767
61.0007 -23.1755 8.6941
58.1641 -21.4124 10.4022

58.3707 -19.9427 13.8774
56.4679 -17.447 15.9708
57.9109 -13.9631 16.0291

58.8439 -14.3986 19.6387
60.7257 -17.5703 18.9554
62.4332 -16.0288 15.9476
63.6628 -13.0572 17.9652
64.9304 -15.4738 20.5968
67.7495 -16.7389 18.3867

70.5933 -15.1321 16.4443
71.8291 -17.7103 13.9606
69.8065 -19.5626 11.3772
71.2434 -21.9848 8.97236

70.4648 -24.7624 6.60549
72.8258 -27.6064 5.98016
72.3095 -29.6372 2.87465
73.5494 -33.1395 2.22681

73.4475 -34.5403 -1.28556
75.1749 -37.1218 -3.456

76.6658 -34.2846 -5.48347
78.3783 -32.7304 -2.47692
81.3361 -34.3807 -0.821064

80.5535 -32.6326 2.43016

77.467 -30.8512 3.54504
77.0311 -27.265 2.49103
75.7003 -24.7316 4.95603
74.1038 -21.3686 4.32858

73.68 -19.1011 7.28534

72.5141 -15.73 8.45505
72.6435 -13.8057 11.7083
69.6396 -11.9023 12.8328
71.5807 -8.62897 12.9057

72.0587 -7.78087 16.5327
75.3058 -6.11554 17.4353

End chain 4
