40.972 18.575 30.58
39.065 20.592 28.045
39.495 19.566 24.458

38.012 20.93 21.288
38.531 18.508 18.481
37.8 19.67 15.009
36.9 17.7 11.92
39.59 16.983 9.34
40.576 18.901 6.296

38.161 19.277 3.4
38.52 19.868 -0.284
35.355 21.361 -1.634
34.198 22.716 -4.98
33.325 26.288 -5.523
29.649 26.993 -5.018
29.432 24.041 -2.657

28.971 24.166 1.094
30.998 22.531 3.842
30.26 21.983 7.469
32.956 21.707 10.107
32.466 20.138 13.49
33.942 20.817 16.883
33.404 18.116 19.403
34.057 19.331 22.878

34.817 17.378 26.003
36.007 17.913 29.542
33.42 20.512 30.499
29.71 21.233 30.367
29.034 22.26 26.787

25.903 24.268 27.564
27.858 26.43 30.006
30.188 28.149 27.541

29.764 30.215 24.396
31.509 28.88 21.313
33.181 31.234 18.846
34.651 30.559 15.43
37.649 32.271 13.85
39.039 32.231 10.332
42.669 32.538 9.431
43.673 32.938 5.827

47.004 32.662 4.03
48.1 36.052 5.367
47.574 34.481 8.766
45.191 37.285 9.536

42.624 36.459 12.199
38.943 37.218 11.824
36.051 36.624 14.181

33.249 34.959 12.257
30.641 34.558 14.986

29.562 32.699 18.102
26.643 30.727 19.492
25.191 30.145 22.898
24.803 26.448 23.145

22.062 26.576 25.721
19.639 28.696 23.682
21.083 28.429 20.176

21.228 32.203 19.84

23.951 33.412 17.557
25.913 36.55 16.795
27.705 36.933 13.494
30.266 39.273 12.087
28.419 41.116 9.361

31.093 40.195 6.878
30.191 36.533 7.536
26.403 36.898 7.681
25.879 35.441 4.217
28.746 32.943 4.54
28.42 31.094 7.825

25.816 29.316 9.903
26.527 28.102 13.413
24.592 25.304 15.08

24.998 22.998 18.034
24.041 19.456 18.946
23.649 19.414 22.71

23.425 15.646 22.941
26.781 15.293 21.162
28.309 18.317 22.876

29.407 19.399 19.428

29.259 22.72 17.608
29.091 23.055 13.852
29.847 25.788 11.368
28.72 25.473 7.821
29.909 27.715 5.045
27.967 28.201 1.841

28.64 29.53 -1.653
32.292 28.669 -1.305
34.896 30.664 -3.165
38.685 30.553 -3.177

38.485 33.405 -0.712
36.999 30.854 1.678
40.114 28.704 1.644

41.546 29.081 5.108

41.979 27.482 8.488

38.934 27.644 10.725
39.128 27.453 14.481
36.477 26.793 17.043
37.036 28.296 20.426
35.61 28.441 23.966
34.804 31.703 25.613
35.321 31.988 29.348
34.128 34.508 31.817
36.656 35.197 34.499

33.884 36.244 36.848
34.63 39.864 36.188
33.003 41.19 32.97
35.975 39.969 31.033
35.702 37.586 28.151
38.495 35.688 26.521
38.922 32.725 24.252
40.484 30.249 26.7
40.665 27.176 24.574

41.113 26.742 20.871
40.598 23.81 18.559
43.316 22.417 16.28
41.89 24.195 13.292
40.509 22.765 10.071
41.998 23.575 6.704
39.433 24.042 3.999
40.607 24.294 0.438
38.166 25.432 -2.192

39.195 24.277 -5.629
37.952 22.743 -8.837
41.016 20.508 -8.877
40.554 16.893 -7.878
42.318 15.339 -4.939

45.301 13.136 -5.41
47.159 11.157 -2.777
50.84 11.454 -2.249
53.521 9.059 -3.341
55.953 8.353 -0.539
59.57 7.641 -1.338
62.396 6.834 0.961
65.228 9.244 1.597

68.332 7.257 2.395
71.953 8.066 1.881
73.934 6.143 -0.615
76.242 5.123 2.154
77.369 5.729 5.714
80.986 4.729 5.01
83.245 6.427 7.518
80.545 7.498 9.858
79.882 11.037 10.885
78.486 12.123 14.192
74.945 11.969 12.891
72.983 10.136 10.222
69.835 11.328 8.5
66.972 9.638 6.685
63.507 10.673 5.642

60.498 10.308 3.407
59.583 12.351 0.38
55.869 12.992 0.156
55.295 13.967 -3.416

52.593 15.201 -5.734
49.557 15.576 -3.49
46.581 17.925 -3.436
45.234 19.527 -1.444
47.142 19.96 1.72
47.596 19.076 4.441
49.492 15.855 4.992
50.566 14.566 8.384
53.72 12.624 8.938
54.825 10.638 11.959
57.729 8.306 12.554
57.549 4.886 14.16

53.88 5.503 14.807
54.696 8.526 16.933
57.395 6.743 18.885

60.145 8.861 17.382
59.63 12.605 17.771
63.126 13.906 18.465
65.265 15.232 15.648
62.367 15.11 13.229

61.803 17.98 10.843
58.777 17.938 8.587
59.152 20.688 6.019
56.366 22.891 4.922
54.856 21.92 1.602
55.933 23.705 -1.534
53.588 24.258 -4.411
55.128 22.821 -7.548
54.734 24.624 -10.865

52.376 21.789 -11.339
49.28 22.171 -9.326
50.579 19.642 -6.836
52.259 19.869 -3.402
55.45 18.166 -2.239
57.031 17.833 1.183

59.843 15.938 2.876
60.15 14.766 6.461
63.552 13.903 7.833
65.025 12.653 11.062
68.567 12.767 12.33
70.051 10.433 14.924

73.417 10.159 16.542
75.533 7.642 14.698

75.973 5.482 17.766
72.197 5.251 18.247
71.252 4.704 14.608
71.412 0.889 14.794
69.011 0.868 17.726

65.795 1.171 15.693
63.992 0.817 12.4
62.689 3.973 10.801
59.296 4.082 9.202

57.35 7.178 8.253
53.591 7.202 8.581
51.901 9.505 6.103
48.237 10.454 6.232

46.385 12.378 3.531
42.777 12.738 4.64

41.278 14.212 1.532
42.566 11.314 -0.529
41.962 8.873 2.308

45.521 7.712 1.765
47.57 6.186 4.539
50.983 4.864 3.776
53.839 3.476 5.786
57.288 3.567 4.314
60.178 1.88 6
63.447 3.464 5.115
65.946 0.643 4.75
69.105 1.215 6.803
71.238 -0.902 4.479

73.438 -1.851 7.397
74.877 -5.044 5.9
77.366 -5.765 3.148
78.766 -8.932 1.376
82.148 -9.965 -0.133
83.083 -6.365 -0.707
84.272 -4.672 -3.873
86.508 -1.865 -2.384

90.125 -1.975 -3.399
93.076 -0.962 -1.262
94.323 2.581 -1.311
97.831 3.165 -2.569

100.658 2.654 -0.139
103.994 4.199 -1.074
107.236 2.294 -0.981
109.917 1.013 -3.229
109.141 -1.697 -5.699
111.099 -4.813 -6.418

End chain 1
32.8825 51.1407 17.2141
36.1199 51.6652 19.0867

39.1429 51.3842 16.878
42.3568 50.1806 18.4277
45.4881 51.1816 16.6062
48.9332 49.8233 16.9163
50.8237 51.9925 14.5111

53.9959 49.9865 14.5365
53.2182 46.6188 13.0275
56.8283 45.5015 13.052
59.2779 46.2537 15.8173
62.9116 45.311 15.8805
64.4865 44.6871 19.2777
67.7633 43.3347 20.6269
67.9438 40.5601 23.1542
68.1494 41.9436 26.6707
66.6969 45.2216 25.4915

63.5371 46.8176 26.8483
60.7471 46.7524 24.339
57.5934 48.7946 24.3296
54.5178 48.0528 22.2596
51.9079 50.7681 22.0433
48.1832 50.7449 21.3985
45.8195 53.7184 21.2169
42.0376 53.7298 21.3037
39.8383 56.1005 19.3375

37.9821 56.8453 22.5651
38.7146 56.4301 26.2719
38.6003 52.759 27.2932
38.9178 53.4066 31.0232
41.6832 50.8381 31.4296
39.5825 48.0128 30.0922
42.4388 46.7245 28.0011

44.0339 43.3046 27.6965
47.1859 42.1768 25.9129
47.6387 38.8893 24.0959
50.6782 37.1384 22.6923
50.4079 34.9818 19.6269
53.3685 32.9299 18.639

54.1584 31.7334 15.1995
52.3673 28.4417 15.8707
49.2195 30.4776 16.0068
48.8013 29.737 19.6867

47.4294 32.6576 21.6995
47.9813 33.425 25.3624
46.7285 36.2018 27.6101

49.5833 38.1782 29.1276
47.9484 41.125 30.8563
44.4305 42.0749 31.8683
42.8953 45.338 33.0515
45.9226 47.1012 31.6021
48.2726 46.2761 34.5011
47.5324 42.8367 35.8685

49.7725 39.9473 34.9404
48.1013 36.7048 34.0721
49.3225 33.905 36.2617

52.2464 32.1056 34.723
53.4315 35.163 32.847
56.9211 36.2314 33.5923
57.4731 39.4213 35.5521

59.373 40.8728 32.6327
55.9968 41.6949 31.1238
54.2351 44.78 32.4057

51.3376 46.9103 31.2009
50.6968 50.6067 31.6089
48.5664 53.5083 30.4253
45.1142 54.9799 30.8669
42.5617 56.8144 28.8085
43.3477 56.2189 25.1407
46.9754 55.147 25.3237
48.342 51.8584 26.6032

51.6877 50.1046 26.4207
53.0255 46.6126 26.9515
56.6218 46.5801 28.0905
59.1151 43.7948 28.2412
61.8445 44.6784 30.6741

64.4524 42.4469 29.1552
63.6824 40.6668 25.9396
64.1883 36.9276 25.7523
64.2289 34.806 22.641

60.9774 33.0573 23.6365
59.332 36.4765 23.3566
59.2841 36.2573 19.5606

55.6106 36.694 18.7354
52.9221 39.1452 17.702
51.3122 41.1642 20.4564
47.7418 42.3963 20.3136
45.7835 44.812 22.4819
42.0444 44.3508 23.0038
39.4724 46.6734 24.5732
36.4604 45.4633 26.5856

35.0696 48.9306 27.3312
32.3208 48.6753 24.7521
30.8255 46.1392 22.3989
31.9208 45.057 19.9736

35.2177 44.0912 21.4919
37.9659 45.237 19.1575
41.6447 44.3489 18.8063
44.6737 46.2774 17.6336
46.411 45.3728 14.3601
49.2044 43.6852 16.2732
52.9307 44.1959 16.5578
55.2949 41.4803 15.4974
58.7837 41.5217 16.8968
61.8964 41.0134 14.8213
64.5762 39.9854 17.2379
68.091 41.0274 16.4922

70.9275 38.8305 17.5725
74.5094 38.2426 16.5146
75.2262 37.2535 12.9485

75.3178 33.5472 12.2524
76.0135 31.9739 8.88173
73.7759 29.2913 7.55206
74.7308 25.6617 7.17881
73.6889 24.701 3.71664

72.4214 21.4153 2.28674

71.2323 20.3494 -1.15139
68.7653 17.5554 -1.94341
68.1477 15.9504 -5.3062
64.7361 14.9757 -6.5366
63.5917 11.4799 -5.6872
62.8678 8.91553 -8.36495

59.4471 8.63413 -6.83604
58.7896 12.227 -7.83239
60.6451 12.0265 -11.1479
58.4549 9.29623 -12.5218
55.5384 11.7343 -12.3912

57.3096 14.1383 -14.7085
58.4678 16.8897 -12.3856

61.718 17.3697 -10.4969
62.1393 19.4638 -7.38378
65.5934 20.2837 -6.11811
65.8147 21.8047 -2.70347
68.497 23.7564 -0.963111
68.284 24.4013 2.75682
69.8612 27.2434 4.71209
69.7639 26.3106 8.36101

69.8072 28.4855 11.4887
71.132 31.8338 10.2745
70.7205 35.5245 11.1197
69.9921 38.0617 9.69773
67.2191 36.9688 7.38084
68.6698 38.5573 4.24289
70.3436 35.9264 2.10402

70.9412 35.3467 -1.57754
70.2579 31.9071 -2.87994
71.57 31.2772 -6.34375
70.7912 28.2224 -8.47248
73.2519 26.9129 -11.0482
72.6741 24.1308 -13.5064

75.7523 22.8661 -15.3034
77.0455 26.2785 -14.2543
74.2238 28.1013 -15.9585

72.4801 30.3425 -13.5553
68.7882 30.0013 -13.288
66.1606 32.6585 -12.903

62.4207 32.4955 -12.345
62.278 28.7739 -11.6321
62.5518 28.7513 -7.85881

60.5457 29.7214 -4.79159
61.7811 30.3853 -1.28559
60.1632 29.8405 2.09515
61.4009 31.0735 5.43736
60.5077 29.9003 8.88807
59.6514 32.271 11.6749
62.498 33.1415 14.0081
63.3101 30.2898 16.3616
62.2583 30.7789 19.9534

65.5283 29.5277 21.3881
68.2188 30.7274 18.9428
66.313 33.5295 17.1577

67.6293 32.2623 13.828

65.8406 31.6839 10.5338
65.8939 28.7249 8.18437
65.1148 29.0047 4.50188
64.3733 26.595 1.68761
64.816 27.2713 -1.99214
63.1203 24.8705 -4.36241
63.9457 24.7323 -8.02143
61.2683 23.104 -10.1269

62.1488 21.5881 -13.4968
60.4467 19.2446 -15.896
61.7947 15.7203 -15.8351

63.1276 16.167 -19.3315
64.9613 19.3036 -18.3559
66.3371 17.7073 -15.2189
67.7511 14.7817 -17.1628
69.3242 17.2293 -19.572
71.9631 18.3823 -17.1173

74.5519 16.8433 -14.7857
75.2168 19.2397 -12.0076
72.8977 21.1453 -9.75462
74.3502 23.6678 -7.38873

73.054 26.1372 -4.82607
75.228 29.1159 -4.019
74.5746 30.9929 -0.830036
75.7204 34.488 0.0227963

75.2474 35.807 3.53562
76.7335 38.3836 5.88231

77.9788 35.5626 8.07247
79.9707 33.9338 5.34342
83.1304 35.4803 3.95891

82.7173 34.0612 0.466161

79.7476 32.2793 -0.932081
79.1128 28.6674 -0.027511
78.1894 26.2 -2.7087
76.6524 22.7873 -2.38773

76.0142 20.6243 -5.40049

78.0433 17.6317 -4.153
81.4738 18.9543 -3.10385
83.8314 21.7575 -3.71134

87.099 20.5228 -4.96282
89.7925 18.8694 -6.9744
90.3631 15.0918 -6.63

End chain 2
41.105 -18.209 -30.143
39.151 -20.598 -28.01
39.504 -19.715 -24.388

37.986 -20.946 -21.166
38.514 -18.414 -18.44
37.711 -19.653 -14.962
36.948 -17.628 -11.869
39.643 -16.957 -9.28
40.641 -18.855 -6.223

38.213 -19.084 -3.373
38.293 -19.605 0.399
35.253 -21.312 1.718
34.191 -22.636 5.091
33.286 -26.194 5.623
29.605 -26.86 5.097
29.402 -23.925 2.708

28.916 -24.042 -1.046
31.029 -22.564 -3.832
30.211 -21.723 -7.427
32.95 -21.734 -10.056
32.485 -20.132 -13.446
33.907 -20.912 -16.861
33.445 -18.123 -19.324
34.032 -19.35 -22.817

34.804 -17.377 -25.929
35.996 -17.909 -29.466
33.433 -20.54 -30.394
29.724 -21.285 -30.314
29.025 -22.251 -26.724

25.985 -24.37 -27.52
27.96 -26.478 -29.989
30.254 -28.218 -27.498

29.803 -30.249 -24.317
31.595 -28.934 -21.258
33.195 -31.242 -18.712
34.679 -30.561 -15.313
37.662 -32.263 -13.696
39.054 -32.261 -10.186
42.751 -32.26 -9.343
43.668 -32.929 -5.715

46.976 -32.596 -3.895
48.058 -36 -5.207
47.623 -34.449 -8.635
45.217 -37.237 -9.401

42.639 -36.409 -12.033
38.982 -37.196 -11.675
36.053 -36.611 -14.005
33.258 -34.791 -12.173
30.637 -34.597 -14.909
29.564 -32.768 -18.042
26.719 -30.699 -19.416
25.239 -30.186 -22.847
24.852 -26.468 -23.121

22.153 -26.659 -25.717
19.831 -28.982 -23.721
21.07 -28.418 -20.203

21.305 -32.187 -19.862

24.037 -33.419 -17.584
25.945 -36.565 -16.672
27.722 -36.925 -13.37
30.293 -39.238 -11.93
28.458 -41.114 -9.218

31.076 -40.132 -6.701
30.162 -36.482 -7.392
26.369 -36.842 -7.562
25.851 -35.397 -4.099
28.687 -32.867 -4.436
28.396 -31.033 -7.726

25.819 -29.338 -9.866
26.503 -28.117 -13.374
24.581 -25.326 -15.052

24.974 -23.057 -18.032
24.007 -19.525 -18.945
23.711 -19.479 -22.714

23.365 -15.716 -22.835
26.775 -15.203 -21.225
28.248 -18.36 -22.8

29.416 -19.438 -19.374

29.264 -22.748 -17.549
29.133 -23.094 -13.794
29.8 -25.796 -11.238
28.652 -25.427 -7.715
29.881 -27.689 -4.99
27.968 -28.062 -1.747

28.604 -29.4 1.75
32.266 -28.605 1.366
34.862 -30.47 3.369
38.646 -30.456 3.266

38.471 -33.308 0.801
36.984 -30.761 -1.596
40.085 -28.612 -1.524

41.523 -29.006 -4.99

41.972 -27.415 -8.374

38.943 -27.604 -10.629
39.181 -27.503 -14.387
36.58 -26.731 -16.969
37.089 -28.363 -20.35
35.54 -28.46 -23.8
34.826 -31.698 -25.594
35.648 -31.884 -29.252
34.293 -34.332 -31.742
36.696 -35.301 -34.447

33.859 -36.29 -36.753
34.082 -39.993 -36.076
32.892 -40.91 -32.579
36.117 -39.846 -30.971
35.782 -37.57 -27.996
38.545 -35.686 -26.274
38.953 -32.641 -24.075
40.43 -30.302 -26.659
40.67 -27.169 -24.537

41.128 -26.746 -20.825
40.617 -23.812 -18.525
43.323 -22.412 -16.269
41.903 -24.118 -13.191
40.49 -22.736 -9.966
41.994 -23.518 -6.595
39.41 -23.93 -3.929
40.556 -24.198 -0.381
38.151 -25.366 2.261

39.168 -24.232 5.69
37.957 -22.648 8.902
41.004 -20.394 8.954
40.547 -16.79 7.928
42.29 -15.237 4.974

45.471 -13.329 5.571
47.193 -11.175 2.951
50.893 -11.482 2.446
53.583 -9.076 3.499
56.009 -8.37 0.699
59.619 -7.667 1.529
62.446 -6.88 -0.784
65.288 -9.281 -1.441

68.348 -7.227 -2.214
71.983 -8.036 -1.802
74.103 -6.402 0.848
76.265 -5.117 -1.922
77.398 -5.696 -5.416
79.796 -8.596 -5.125

82.989 -8.642 -7.163
81.554 -7.941 -10.622
79.902 -11.224 -11.213

78.349 -12.282 -14.425

74.943 -12.015 -12.814
73.03 -10.124 -10.121
69.924 -11.352 -8.306
66.998 -9.56 -6.708
63.594 -10.677 -5.464

60.534 -10.308 -3.276
59.635 -12.354 -0.226
55.931 -13.004 0.015
55.403 -13.965 3.609

52.632 -15.422 5.758
49.552 -15.542 3.607
46.597 -17.901 3.558
45.431 -19.58 1.565
47.203 -19.948 -1.678
47.618 -19.064 -4.397
49.566 -15.868 -4.857
50.6 -14.555 -8.248
53.751 -12.608 -8.791
54.85 -10.597 -11.798
57.781 -8.307 -12.392
57.573 -4.875 -13.975

53.904 -5.492 -14.657
54.72 -8.525 -16.762
57.399 -6.735 -18.731

60.162 -8.821 -17.186
59.665 -12.566 -17.669
63.158 -13.844 -18.356
65.267 -15.16 -15.522
62.44 -15.079 -13.029

61.86 -17.962 -10.699
58.822 -17.909 -8.471
59.196 -20.658 -5.897
56.435 -22.888 -4.81
54.901 -21.966 -1.485
55.983 -23.748 1.64
53.642 -24.37 4.517
55.136 -22.73 7.575
54.849 -24.286 11.036

52.357 -21.55 11.453
49.287 -21.999 9.454
50.712 -19.571 6.899
52.313 -19.933 3.466
55.439 -18.166 2.227
57.191 -17.888 -1.135

59.968 -15.956 -2.729
60.203 -14.728 -6.309
63.599 -13.937 -7.683
65.047 -12.628 -10.9
68.587 -12.74 -12.232
70.08 -10.355 -14.764

73.442 -10.1 -16.397
75.57 -7.595 -14.534

75.964 -5.408 -17.593
72.192 -5.229 -18.122
71.271 -4.722 -14.46
71.431 -0.929 -14.73
68.966 -0.982 -17.574

65.763 -1.135 -15.546
64.019 -0.798 -12.185
62.72 -3.94 -10.539
59.255 -4.118 -9.046

57.444 -7.214 -7.938
53.683 -7.205 -8.393
51.961 -9.504 -5.94
48.287 -10.364 -6.05
46.445 -12.352 -3.399
42.852 -12.612 -4.547

41.351 -14.167 -1.482
42.662 -11.284 0.613
41.969 -8.786 -2.122

45.527 -7.706 -1.585
47.645 -6.273 -4.321
51.045 -4.882 -3.58
53.854 -3.508 -5.649
57.272 -3.542 -4.168
60.203 -1.848 -5.776
63.441 -3.455 -4.848
65.919 -0.624 -4.568
69.084 -1.3 -6.554
71.261 0.892 -4.308

73.467 1.834 -7.212
75.013 4.98 -5.831
77.514 5.597 -3.09
78.379 8.725 -1.073
81.648 9.103 0.786
84.874 7.662 -0.504
84.629 3.92 -1.183
86.604 2.961 1.931
87.452 4.288 5.348
89.802 7.207 5.716
91.215 9.275 8.492
89.34 12.429 9.44
92.404 14.629 8.842
92.848 16.068 5.366
96.25 16.222 3.729
98.93 13.936 4.948
98.658 11.826 8.063
100.706 12.254 11.198

End chain 3
32.685 -50.2944 -18.8355
36.0462 -50.9226 -20.4088

38.8815 -50.5781 -17.9468
42.2445 -49.314 -19.1187
45.0769 -50.3784 -16.877
48.5052 -48.868 -16.8039
50.1594 -51.0735 -14.2576

53.3187 -49.0825 -13.9384
52.4573 -45.6296 -12.6633
56.0452 -44.5007 -12.3276
58.8235 -45.3481 -14.731
62.415 -44.346 -14.4244
64.4122 -43.9234 -17.6117
67.7881 -42.5473 -18.62
68.2875 -39.8381 -21.2409
69.0307 -41.5264 -24.5962
67.3372 -44.795 -23.5851

64.2557 -46.2345 -25.2374
61.2103 -46.2435 -23.0098
57.9905 -48.1543 -23.2862
54.7654 -47.4157 -21.5215
52.0985 -50.0275 -21.6632
48.3338 -50.0785 -21.3004
45.9572 -53.0179 -21.4141
42.1973 -53.0293 -21.8719
39.74 -55.3041 -20.1167

38.3765 -56.2564 -23.5335
39.3741 -55.9025 -27.1866
39.7006 -52.2608 -28.2362
40.0858 -52.9623 -31.9346
42.9761 -50.4835 -32.0503
40.8044 -47.5618 -31.1029
43.3808 -46.2493 -28.703

44.9914 -42.8295 -28.3411
47.9358 -41.6314 -26.2618
48.161 -38.281 -24.5248
51.0121 -36.4932 -22.8117
50.4635 -34.174 -19.9226
53.2382 -31.8838 -18.7551

53.6591 -30.9201 -15.1906
52.0328 -27.5785 -15.989
48.8716 -29.5285 -16.652
48.8151 -28.9717 -20.3775

47.6828 -31.9749 -22.3761
48.6425 -32.8915 -25.9252
47.6772 -35.7265 -28.2303

50.6831 -37.7562 -29.307
49.2488 -40.7591 -31.1175
45.8563 -41.7296 -32.4638
44.4301 -45.0059 -33.7233
47.2231 -46.8656 -31.9667
50.0293 -45.8268 -34.2415
49.4274 -42.6371 -36.1271

51.5542 -39.7254 -35.0255
49.7948 -36.4645 -34.4673
51.291 -33.7162 -36.5635

54.0068 -31.8162 -34.784
54.8866 -34.8545 -32.7156
58.4518 -35.971 -32.9588
59.2531 -39.2076 -34.7522

60.7608 -40.454 -31.496
57.2464 -41.3536 -30.4604
55.6429 -44.4849 -31.8173

52.6185 -46.5609 -30.8671
51.9696 -50.261 -31.2605
49.7309 -53.1284 -30.2079
46.3335 -54.5879 -30.9892

43.5251 -56.3134 -29.1784
43.981 -55.709 -25.4573
47.5778 -54.5754 -25.2742

49.0504 -51.3032 -26.4657

52.3776 -49.5644 -25.9551
53.8069 -46.1148 -26.4996
57.4986 -46.1517 -27.2025
60.0086 -43.3572 -27.1003
62.9586 -44.2864 -29.2668

65.378 -42.0419 -27.4491
64.3291 -39.9879 -24.4338
64.8395 -36.2686 -24.4851
64.4572 -34.1394 -21.4157

61.3662 -32.4427 -22.874
59.7069 -35.8411 -22.5742
59.2219 -35.4736 -18.8166

55.4882 -35.8969 -18.3959
52.6892 -38.302 -17.563
51.3981 -40.4293 -20.4038
47.8335 -41.6479 -20.6418
46.1409 -44.2127 -22.8594
42.4964 -43.6977 -23.8823
40.0508 -46.077 -25.5642

37.3306 -44.9218 -28.0088
35.9846 -48.3922 -28.8146
32.9729 -48.0697 -26.5451
31.2553 -45.4949 -24.3742
32.0657 -44.3335 -21.9416

35.4993 -43.3669 -23.1321
37.9597 -44.502 -20.5087
41.5772 -43.5765 -19.7473
44.4547 -45.4526 -18.1785
45.8293 -44.432 -14.7719
48.8224 -42.8056 -16.4113
52.5543 -43.3239 -16.2708
54.8045 -40.5885 -14.9341
58.3998 -40.6556 -16.0586
61.2993 -40.0197 -13.7287
64.2922 -39.1536 -15.8618
67.7148 -40.323 -14.7678

70.5089 -37.9017 -15.4085
74.0469 -37.3484 -14.1849
74.4496 -36.1796 -10.6163
74.4422 -32.4613 -10.0107

74.7719 -30.821 -6.61799
72.3975 -28.113 -5.64628
73.291 -24.4751 -5.20864
71.9454 -23.4227 -1.85444

70.516 -20.1021 -0.70947

68.9287 -18.9559 2.54063
66.3572 -16.1841 3.01892
65.3434 -14.5112 6.24896
61.8463 -13.4489 7.08589
60.8028 -9.98277 5.9843
59.8163 -7.42474 8.56813

56.5757 -7.05409 6.68479
55.8053 -10.6502 7.63013
57.2863 -10.3699 11.1293
54.9482 -7.56676 12.0234
52.0603 -10.0322 11.766

53.5712 -12.3699 14.3268
54.9549 -15.203 12.2318

58.4004 -15.7582 10.7398
59.169 -17.8935 7.72829
62.7572 -18.8144 6.91811
63.3926 -20.3349 3.52143
66.1919 -22.5188 2.20781
66.4529 -23.0843 -1.53017
68.1838 -26.0053 -3.21733
68.4703 -25.2053 -6.87897

68.8471 -27.4394 -9.93805
70.0678 -30.7307 -8.50628
69.7826 -34.4269 -9.33026
68.9196 -36.9295 -7.90798
65.861 -35.8983 -5.93099
66.9817 -37.3257 -2.60263
68.4131 -34.6159 -0.38382

68.6267 -33.9524 3.32351
67.9006 -30.4683 4.48646
68.857 -29.6691 8.03465
67.8443 -26.5007 9.95194

69.665 -25.2787 13.0264
69.078 -22.2735 15.1204

71.8862 -21.2936 17.41
73.4306 -24.6508 16.6496
70.3344 -26.522 17.713

68.9182 -29.0432 15.2955
65.2889 -28.3044 14.6002
62.615 -30.8644 13.9337

58.9148 -30.7757 13.074
58.9959 -27.0468 12.2484
59.729 -27.1679 8.51021

57.8985 -28.1237 5.33932
59.4569 -29.0964 2.0356
58.2715 -28.5226 -1.56014
59.8108 -29.9174 -4.70504
59.3543 -28.802 -8.27287
58.771 -31.2046 -11.1214
61.8763 -32.1169 -13.0338
63.0496 -29.4338 -15.4477
62.2625 -29.9929 -19.1014

65.6773 -28.8633 -20.2901
67.9375 -29.7618 -17.3503
65.9846 -32.6569 -15.8045

66.9498 -31.3122 -12.3856

64.793 -30.6155 -9.35657
64.5745 -27.6075 -7.08662
63.632 -27.8413 -3.4225
62.3853 -25.3642 -0.84532
62.4761 -25.8896 2.90558
60.5136 -23.4334 4.97767
61.0007 -23.1755 8.6941
58.1641 -21.4124 10.4022

58.3707 -19.9427 13.8774
56.4679 -17.447 15.9708
57.9109 -13.9631 16.0291

58.8439 -14.3986 19.6387
60.7257 -17.5703 18.9554
62.4332 -16.0288 15.9476
63.6628 -13.0572 17.9652
64.9304 -15.4738 20.5968
67.7495 -16.7389 18.3867

70.5933 -15.1321 16.4443
71.8291 -17.7103 13.9606
69.8065 -19.5626 11.3772
71.2434 -21.9848 8.97236

70.4648 -24.7624 6.60549
72.8258 -27.6064 5.98016
72.3095 -29.6372 2.87465
73.5494 -33.1395 2.22681

73.4475 -34.5403 -1.28556
75.1749 -37.1218 -3.456

76.6658 -34.2846 -5.48347
78.3783 -32.7304 -2.47692
81.3361 -34.3807 -0.821064

80.5535 -32.6326 2.43016

77.467 -30.8512 3.54504
77.0311 -27.265 2.49103
75.7003 -24.7316 4.95603
74.1038 -21.3686 4.32858

73.68 -19.1011 7.28534

72.5141 -15.73 8.45505
72.6435 -13.8057 11.7083
69.6396 -11.9023 12.8328
71.5807 -8.62897 12.9057

72.0587 -7.78087 16.5327
75.3058 -6.11554 17.4353

End chain 4
